start:
learning rate has been set to:0.1
iteration criteria has been set to:500
error criteria has been set to:50
momentum has been set to：0.4
bias has been set to:1
1 input layer, 1 hidden layer, 1 output layer

the number of input node is: 11, hidden node is: 58, output node is: 3

 hidden node activation function is tanh function, output node activation function is sigmoid function
Start the training phase

initial hidden weight:  [[0.3444218515250481, -0.3656357558875988, 0.4560342718892494, -0.26203537290810863, -0.2639519102625655, 0.12290169488970193, 0.293340083761663, -0.17616723516683763, -0.2732941406189512, -0.03699264218497855, 0.0714025946899135, -0.04762044649018138], [-0.025429321311451925, -0.24099150828452642, -0.3931714622983443, 0.46524214155212296, -0.13847722508592486, 0.0219839097124932, -0.31873513666677866, 0.17712582680027034, 0.4056396761745207, -0.33505052016680203, 0.45820937981727283, 0.42486525162594524], [0.21234298782691852, -0.12303769760961403, 0.24729126622328357, 0.1484972199788831, -0.387042829823837, 0.04811905381169912, 0.03908156460581058, -0.48772175260202455, -0.4225782161466959, 0.07032842313687315, 0.028935382940412313, 0.04869460564382222], [-0.17129947946690205, 0.18200456058797787, 0.13947369472032034, -0.29014875546348273, -0.041393290612938616, -0.11897931000422857, 0.13942679845788375, -0.46144816066261996, -0.09146412074550625, -0.2281245856159092, 0.38826807645248806, -0.14815374417211735], [0.04815782841632965, -0.43311602365724833, -0.0024634312413976955, -0.256482237290663, 0.47835485837099667, 0.11714147666995223, 0.41364297255489113, -0.40966014573065046, 0.46591918802494403, -0.4574342864174231, 0.08075716493395668, -0.2758145251526736], [-0.1921932452662226, -0.005512564020565325, 0.4279915658776743, -0.054860774843177196, -0.023841737770654348, -0.085256000691321, -0.4291910729409274, -0.42520624312688926, 0.24166893561457325, 0.18424095241207328, 0.409769237923872, -0.17624665417923435], [-0.42657334519766843, -0.22018452642701214, 0.3597284451918654, -0.04915486585499096, -0.12944335890369296, 0.299115369116727, 0.3144781454478104, -0.3546638381667193, -0.22850888674005443, 0.005940413770247677, -0.35527944736633155, -0.003843830199587339], [0.231531130400211, -0.3004112936458999, 0.2915259359614659, -0.35404519932035305, -0.10251112301854248, -0.4189093353761155, -0.29632955257894844, -0.41647947884641434, -0.0789553857133537, 0.4123433593597492, 0.04680155353663307, 0.26016147830977443], [-0.12940568987531353, -0.30546275206681894, -0.14360179323727784, -0.09602192505633367, -0.3543307448958697, 0.08115213250456466, -0.3518287936129164, 0.47905012007277437, 0.45996093019495543, 0.37809934907649245, 0.21068373306249277, -0.25351804033064185], [-0.36947977009932975, -0.22041696139413214, 0.4342619627039729, 0.32717056534231403, -0.018753365926691634, -0.46944467981262594, -0.2590644988215054, 0.3959023750070165, 0.32135753143958923, -0.2598969699337438, 0.21098226779628448, 0.42631285850701406], [0.01493795400774911, -0.4126985131341834, 0.010018506743479483, -0.4476364011490557, 0.46078075675523256, 0.4000582191556544, 0.07257673934264153, -0.4554242051216595, 0.44003409035084573, 0.08609776845595751, 0.019777941893520334, -0.18456481119655488], [-0.08757117274572102, -0.006167349558428015, -0.015881243920857768, 0.16953503618824028, 0.07571620813643054, -0.4276334257305292, -0.3065636651076168, -0.49848982721982915, 0.2715909396983306, 0.017320899506723775, 0.08258843938317761, 0.40637115526146217], [-0.05173277828633027, 0.3704757225324894, -0.36666483327868904, 0.10523988040189569, -0.0964982457241862, -0.42889249251702766, 0.32380724196408806, 0.20657373524917444, 0.4776533227882791, 0.4933676756211455, -0.29685769362447256, 0.08088629322272944], [-0.012220521140040908, 0.11164339252488531, 0.18425230640308066, -0.10548011831478887, -0.3774629868248095, 0.01821006986620821, -0.4462958299358941, 0.04142068789349074, -0.4046650995216263, -0.4831749941275929, -0.3212856454222496, -0.2711710943229172], [0.2455596261835028, -0.24447249978939, 0.2874013583733741, 0.2815582961174371, -0.1474801436550932, -0.1758732759421272, 0.30410304669059507, -0.056040605644572916, -0.4703008304867615, 0.4678401739656649, 0.448621825223223, 0.40150140864037964], [-0.3557601937650996, 0.0809419058172387, -0.04793413465094354, -0.39205564490524414, -0.22408208990246026, 0.40022387985931296, -0.15770034744623074, -0.14876251055084777, 0.2896639161331056, -0.01656703784999569, -0.4254127355772108, 0.25917519276997636], [-0.12666381275223837, 0.061792757077695604, 0.3148915365531588, 0.09551873352882734, 0.14939944824179685, 0.03987663250669293, -0.44702136835143147, -0.1557542179205954, -0.45439069791460607, -0.4328977412405962, 0.26388157446339544, -0.4092418175760779], [-0.10309351339780237, -0.0655831882225576, -0.4913521626677315, 0.005976666949840559, -0.2209376132070734, 0.0570381481736858, -0.11529541755408979, 0.06489597527212498, -0.10373709641895346, -0.3478537171567081, 0.017283459965517722, -0.4559527663033244], [0.3587556571342133, 0.46032541458777865, -0.19963762770189042, 0.19822338698380182, 0.24750608030074006, -0.25453191678712395, 0.2788164325646951, -0.16789783270724035, -0.43621651944546413, 0.20004507825674767, -0.015949055315127914, -0.1009418598620474], [0.41961829927180216, 0.02880606904119043, 0.2049957376854643, 0.35450965927387945, -0.21898070631128486, 0.18247691394735277, -0.1581468413415541, -0.15318180080456334, 0.17324583508537073, 0.12252592664204542, 0.29586436876004163, -0.3812823653851787], [0.36391836118998744, 0.18815689186569795, -0.16464396545703708, 0.47799394946744167, 0.446188529964882, -0.3741800242117379, 0.42707477554877504, -0.041745660170758536, 0.33677237045722874, -0.2289119393914274, -0.11244370488952682, -0.05521427348145025], [0.276928198500656, 0.03819324472678709, -0.12519624456027123, -0.44470181819491506, -0.01114954568186155, -0.18293593517470141, 0.1536579270711469, -0.46043702360996686, -0.2893289620317061, -0.06661837558020456, -0.18680376741510407, 0.24211727743677636], [0.12189043144654188, 0.30931559497294514, 0.46605993114261957, -0.3023158533731012, 0.25537054905399215, -0.4601208118621348, 0.34689217939523065, -0.016430976577528233, 0.4788536911967798, -0.30794016520936895, -0.35551539466612225, 0.2596439854481012], [-0.12706423498814112, 0.4014232016292112, 0.4068501092011524, -0.08955723527701431, -0.19041466379573602, -0.4801494605355697, 0.17171722679761292, 0.2248826102972551, -0.4671773551325724, 0.08080757619567969, -0.00818999057664338, 0.05599323678754098], [0.43493249906165277, 0.3494250159774329, 0.042696363793198966, 0.15843750888637254, 0.2680093582327807, -0.02242092438305132, -0.3239323568828414, 0.3620865928526835, -0.42693588178935615, 0.025436508415862757, -0.2941896650598069, -0.13592048293832582], [0.09769578543632795, -0.10126489679483364, 0.46520399717606775, -0.4683425259576529, -0.3661220505294219, -0.317409026810769, -0.07015996488417675, 0.13773207746980498, -0.3126191262293929, -0.436552164724327, 0.051055811847973365, 0.3204420452156187], [0.15038721371649466, 0.06460323306382831, -0.30356872486846875, -0.0900356792544349, -0.47361847902945375, -0.03780301645444195, 0.19863718490314553, -0.3220627687667592, -0.05447011060605311, -0.22454053617311132, 0.37353445373390626, 0.23304083864861136], [0.0900903803728722, 0.050753815868536556, -0.39555730318209237, 0.36300687535745124, 0.14206821100780642, 0.3299381023331648, 0.4510547662752967, 0.3356994817548187, -0.25116492419581604, 0.05483545624321662, 0.42478273992586735, -0.355449952177906], [-0.49367371369284696, -0.29814090207313093, -0.3904655023499247, -0.35876293604579446, -0.10000335741730837, 0.08231011254257847, -0.3792174889966373, -0.3124506436333717, -0.12371927958392659, 0.27065921787286773, 0.0600060238816047, -0.14975183010514026], [0.3721659803279822, -0.09019031746483086, 0.38994246991657755, 0.35794625885869347, 0.3883999756302563, -0.40244836294053743, -0.28611905725429254, -0.3408397725934402, 0.14990586073155532, -0.31595832576558636, 0.2647869213640338, -0.40695736590585896], [0.4198205562726043, 0.4128950135066931, 0.26727836555545714, 0.28041736908299575, 0.2840458601899457, 0.17663307698776198, -0.4310738109962048, -0.4654852081430505, 0.3770110866183676, 0.27005134795891594, -0.3757380945499952, -0.18931406290327768], [-0.3827858887053668, -0.4659625059626402, -0.16838823143068626, -0.2662871154756591, 0.17228423603854948, -0.2593448720667674, -0.47726822428537075, -0.4687913120107582, 0.4219119707694686, -0.020608019297403524, -0.4433070029010516, 0.01619438724830058], [0.14451677980554012, 0.425577961392573, 0.12196021004145696, -0.05980050411751503, 0.30332793982499373, 0.16887999315112734, 0.06738178868327882, -0.007179408004815313, 0.11527595608355612, -0.12610354040193228, 0.4790869745508681, -0.12932001548519167], [-0.449525801241747, -0.3792977847882877, 0.4303356290274353, -0.46477215620546697, -0.19231348066105614, -0.0023135907849021198, 0.32190686829133963, -0.25035788398906667, -0.4125536163788628, -0.4564700261907578, -0.07898346387989608, 0.1582625122649799], [0.2983215131971124, 0.3259155118213076, -0.35291593011077294, -0.2835188133565333, -0.212514304633162, 0.3209427651083404, -0.0776109110777945, 0.2752162988425123, -0.24641130240362885, 0.4310406118445338, -0.17740802202796213, 0.12429401041984678], [-0.47365661954047444, 0.15443981896182246, -0.11404446294799664, -0.17698196944980604, 0.06158436436049697, -0.08098420434046882, -0.33665723105366196, -0.33633266677493134, -0.24509306364985106, 0.09451085237568546, -0.2280503387603524, 0.4676573447316964], [0.08343627040770984, -0.30086811128348234, -0.13813298143944108, 0.48416976502404396, -0.1177763009027385, 0.030880505468587782, -0.29194272639774044, -0.09618376695330566, -0.3757419530204835, -0.32222022175259024, -0.13359227200847335, 0.2566288793535171], [-0.19110534125704548, 0.05082176196190058, 0.2873297816287663, -0.0889803716548363, -0.21962407045757726, -0.3095098122249319, -0.40365888555574636, -0.459595504457575, -0.15873616657165668, -0.2629136934890888, -0.19686218658469434, 0.4062123437193701], [0.24820253587823626, 0.25148651139898826, -0.4287226080414398, 0.4592810917579966, -0.20177307186334492, 0.22019826108910334, 0.09267795585653937, -0.2961239458447569, -0.22807881113759443, -0.3083229589235347, 0.3990923393727056, -0.24752443671970514], [0.49569469843023983, -0.23446594332669557, -0.4587273320125186, 0.48207252977732984, 0.3840763654902779, -0.16367161763636917, -0.43038032969506923, 0.474235147130483, -0.0020426833191321547, 0.1166705818051974, 0.46415157859656564, 0.41747565411923293], [-0.10715161586226307, 0.1779871336456591, 0.021099661256421043, 0.029706214940595443, 0.07190284995005658, -0.3600514594601869, -0.3275668086547744, 0.3185807532003666, -0.38784099735956445, 0.4389118770036148, 0.40136156034839454, -0.004388609516261077], [0.3055333839032718, 0.39680412599639003, 0.12692038414337403, 0.18455379578231013, 0.22999726952716792, -0.23779258431532369, -0.017950762689286193, -0.3862848119666007, 0.29733758763674034, 0.13942066045704848, 0.005504581060011726, -0.32903481161778536], [-0.037081645255353735, -0.35039315926390613, 0.25738873171585186, -0.017837741395124396, 0.04182413806255092, 0.20475034239815304, 0.18457835023369396, -0.391534623105552, -0.4810130460953145, -0.4835411592947033, -0.14185292191940369, -0.3353253657081], [0.3149016479579616, 0.3121422561401661, 0.4391041323191013, 0.10345138938553256, 0.4823770747601296, -0.40015419572323263, -0.4233591762617769, 0.4767635441118573, -0.27469384696040544, 0.3267270888804453, 0.4982115041738733, 0.47768504166012915], [0.2833053250366421, 0.1501166517318393, 0.37869585550451956, 0.40211620725352104, -0.2903190206291427, -0.12239754072563147, -0.07769803040076806, -0.3592290739391647, 0.24376869344135932, 0.22678906801503873, -0.22917626577092365, -0.20343224561534579], [0.11315943019273778, -0.14128879453867094, -0.01943918233872599, 0.3434983763243995, 0.16552144104054323, -0.2850978253171884, -0.48582538011393983, -0.454650118387957, 0.454699896527743, 0.42592822497705196, 0.33981401079853213, 0.012154509521324575], [-0.47876829100840945, -0.02815613131547423, 0.015365647838650243, -0.30665474925529224, 0.18888441080433327, -0.4753399677233764, 0.48845088024896877, -0.4844752132501883, 0.26074266164340376, 0.09256808108828174, 0.23625745154659672, 0.02199149679667811], [0.426273400271863, 0.43912461127696567, 0.2967212866644694, -0.35775241763331267, -0.39799281183564217, 0.11916416781132966, -0.4237543627429772, -0.3473957385247697, 0.44509219537127764, 0.19618335163129152, -0.18878511658902153, -0.19509358892530348], [0.26433829730070857, -0.10836829729502218, 0.2635787747073508, -0.18394612564346635, 0.023676823949069448, 0.21142005925562213, -0.29510877493865584, 0.037968709411920654, 0.09563951720123232, -0.43757738853927075, 0.23754959012318555, 0.39217088154005053], [0.225199303748155, -0.379332890075447, -0.4748895988975539, 0.04868867529625931, -0.4273736516509731, 0.4231016882912133, -0.37423529126523014, 0.4939727401610505, -0.09572934245927911, -0.39846812217287, 0.351422263913554, 0.20722809458683855], [0.4405614753409477, -0.3073303126888035, -0.09872143577744619, -0.3352044109186608, -0.43588957784426285, -0.3277807691481328, 0.23516056596889368, 0.19771105109318232, -0.3686793993101771, 0.12989874604264684, -0.055178080443029076, 0.0436358153199754], [0.32538768535238405, -0.2227607658052263, -0.24615218318105447, -0.2689209850310944, -0.4733141758391316, 0.1933080142261836, -0.040248821141808055, 0.008804380252486865, -0.2765849423810869, -0.18570424157011856, -0.20439407184987368, -0.4547576727163922], [-0.3108053959840059, 0.4980385706489602, -0.13452810217253186, 0.42907700874567956, 0.3779689922735444, -0.44602131610267826, 0.49403745275166533, 0.29214442732336565, -0.13283185487658944, -0.4555335166268061, -0.37226521805304325, -0.15440214913832684], [-0.30019991903194154, -0.008943653114923067, 0.1311006935877681, 0.20791802406151638, -0.48187456530279293, -0.11774951260028599, 0.1604604048014593, 0.05061857348505794, -0.014393699789457037, -0.30283741189210145, 0.0726762631412029, 0.4048427019907662], [0.14200417830462364, -0.14125163119584772, -0.186095791576376, -0.45632381119175447, -0.35612342860356005, 0.23985075865900096, 0.1598466304350723, 0.3198061960659362, 0.16561047516645344, 0.09513321008941711, -0.3471235537279911, 0.2248798630548966], [-0.4838676179024759, 0.4263774169590604, 0.1345970043074851, 0.3885927996663715, 0.2859969341211167, 0.021249187127270086, -0.04388035102303167, -0.396820995502582, -0.037974215145964774, -0.19813190698062533, 0.06493959093812629, 0.302007500734117], [-0.4822025216660306, 0.029727893762895752, -0.09411841568632051, -0.2934621214374895, -0.46996634586441866, 0.12937738796064635, -0.39024557257275094, 0.41485008338995677, 0.11247843123958423, -0.08620242998075012, 0.0289435478576906, -0.10251989398988914], [-0.11204953000638918, -0.20242925874449835, 0.4852586677575108, -0.09438435766308606, 0.30627001746475635, 0.10846153765788857, -0.17348268090950625, 0.189353958890503, 0.373949058530598, -0.018193228236427217, 0.20302453242618967, -0.1685759872317648]] 

initial output weight:  [[0.3444218515250481, -0.3656357558875988, 0.4560342718892494, -0.26203537290810863, -0.2639519102625655, 0.12290169488970193, 0.293340083761663, -0.17616723516683763, -0.2732941406189512, -0.03699264218497855, 0.0714025946899135, -0.04762044649018138, -0.025429321311451925, -0.24099150828452642, -0.3931714622983443, 0.46524214155212296, -0.13847722508592486, 0.0219839097124932, -0.31873513666677866, 0.17712582680027034, 0.4056396761745207, -0.33505052016680203, 0.45820937981727283, 0.42486525162594524, 0.21234298782691852, -0.12303769760961403, 0.24729126622328357, 0.1484972199788831, -0.387042829823837, 0.04811905381169912, 0.03908156460581058, -0.48772175260202455, -0.4225782161466959, 0.07032842313687315, 0.028935382940412313, 0.04869460564382222, -0.17129947946690205, 0.18200456058797787, 0.13947369472032034, -0.29014875546348273, -0.041393290612938616, -0.11897931000422857, 0.13942679845788375, -0.46144816066261996, -0.09146412074550625, -0.2281245856159092, 0.38826807645248806, -0.14815374417211735, 0.04815782841632965, -0.43311602365724833, -0.0024634312413976955, -0.256482237290663, 0.47835485837099667, 0.11714147666995223, 0.41364297255489113, -0.40966014573065046, 0.46591918802494403, -0.4574342864174231, 0.08075716493395668], [-0.2758145251526736, -0.1921932452662226, -0.005512564020565325, 0.4279915658776743, -0.054860774843177196, -0.023841737770654348, -0.085256000691321, -0.4291910729409274, -0.42520624312688926, 0.24166893561457325, 0.18424095241207328, 0.409769237923872, -0.17624665417923435, -0.42657334519766843, -0.22018452642701214, 0.3597284451918654, -0.04915486585499096, -0.12944335890369296, 0.299115369116727, 0.3144781454478104, -0.3546638381667193, -0.22850888674005443, 0.005940413770247677, -0.35527944736633155, -0.003843830199587339, 0.231531130400211, -0.3004112936458999, 0.2915259359614659, -0.35404519932035305, -0.10251112301854248, -0.4189093353761155, -0.29632955257894844, -0.41647947884641434, -0.0789553857133537, 0.4123433593597492, 0.04680155353663307, 0.26016147830977443, -0.12940568987531353, -0.30546275206681894, -0.14360179323727784, -0.09602192505633367, -0.3543307448958697, 0.08115213250456466, -0.3518287936129164, 0.47905012007277437, 0.45996093019495543, 0.37809934907649245, 0.21068373306249277, -0.25351804033064185, -0.36947977009932975, -0.22041696139413214, 0.4342619627039729, 0.32717056534231403, -0.018753365926691634, -0.46944467981262594, -0.2590644988215054, 0.3959023750070165, 0.32135753143958923, -0.2598969699337438], [0.21098226779628448, 0.42631285850701406, 0.01493795400774911, -0.4126985131341834, 0.010018506743479483, -0.4476364011490557, 0.46078075675523256, 0.4000582191556544, 0.07257673934264153, -0.4554242051216595, 0.44003409035084573, 0.08609776845595751, 0.019777941893520334, -0.18456481119655488, -0.08757117274572102, -0.006167349558428015, -0.015881243920857768, 0.16953503618824028, 0.07571620813643054, -0.4276334257305292, -0.3065636651076168, -0.49848982721982915, 0.2715909396983306, 0.017320899506723775, 0.08258843938317761, 0.40637115526146217, -0.05173277828633027, 0.3704757225324894, -0.36666483327868904, 0.10523988040189569, -0.0964982457241862, -0.42889249251702766, 0.32380724196408806, 0.20657373524917444, 0.4776533227882791, 0.4933676756211455, -0.29685769362447256, 0.08088629322272944, -0.012220521140040908, 0.11164339252488531, 0.18425230640308066, -0.10548011831478887, -0.3774629868248095, 0.01821006986620821, -0.4462958299358941, 0.04142068789349074, -0.4046650995216263, -0.4831749941275929, -0.3212856454222496, -0.2711710943229172, 0.2455596261835028, -0.24447249978939, 0.2874013583733741, 0.2815582961174371, -0.1474801436550932, -0.1758732759421272, 0.30410304669059507, -0.056040605644572916, -0.4703008304867615]] 

final training epoch is: 336

final training Sum error is: 49.60635278787011

final training Mean square error is: 0.02470435895810264

final hidden_weight is  [[0.7409147103323008, -2.432318687948437, 7.546133626196663, -3.8028517579323973, -2.2473284644418934, -2.1497021270098426, -0.4128184286808919, 2.4330333752586815, 0.7292449944953158, -0.3918250668247736, -0.27913533633888477, -1.6817228532281365], [-0.9775437798312845, -0.753326172857547, 0.914423066441021, 5.254871885996651, 0.10299537234870318, -1.4407113330257935, -2.1000393079379287, 1.7463041739935559, 3.846532110540502, -2.843756684922566, 4.4713583953288465, 1.8752997960110036], [2.3833420494706874, -1.8986066480211323, 0.4080311234956163, -3.5981490417231186, -4.376808708696575, -2.3151255066966137, -1.1634288686305114, -1.256476290727205, -1.6264662174773592, -1.3233348475041509, 1.7445204313448845, 1.0144350647408051], [0.6631992868201144, -0.9338085816005987, 2.002238770880859, 1.0645131393537406, 1.516628358617659, 0.019088513828718557, 1.134769177495272, -7.633236540686735, 0.9698179362318232, 1.1042315628860646, 2.487810913623614, -0.4332785807240113], [1.0398869860226905, -5.574694207003039, -1.6795994752822232, -1.5616208951631647, 1.7683791575802574, -2.3496573470945634, 2.217747852967182, -2.2880055177727816, 4.276818887208831, -3.7549525930003362, 0.5441466459719925, 0.06706660057523618], [-2.757325078983353, -1.463196687584353, 4.864987411449708, 0.7383546191236335, -1.2647375701059718, -1.9720977313388866, -1.7776065878714182, -1.106035435386665, 2.4788666565679534, 1.3294215373007165, 3.5062839406965094, -1.4316636253613824], [-3.941522271940906, -4.07942916573278, 1.3035407306273863, -0.24139656394055906, 0.8962613816900238, 1.7628208088675028, 0.6852808271676748, -0.4666951007876615, -3.3768354147653303, 0.906232827016235, -1.1858145864596803, 0.7595456516732643], [-1.3833843855001022, -2.815553951883416, -1.8485193046716406, -0.036335865225343836, 1.643290706716032, -7.585936434777663, -1.8776644088605703, 1.227470640428731, -1.492571144217079, 1.3746724109535038, 0.4837632148686473, 2.5141396533697793], [-2.3752387255951013, -2.3345213705704575, -0.05364368308380723, 0.8651694386517245, -0.965691412480166, -0.13884396794682569, -0.03667570558774968, 5.363832712335958, 0.9623436788853129, 2.9613579287478946, -1.681159850959107, 0.19831681338155324], [-4.988286967285454, -4.216096928864547, 5.005349413131391, 1.03349079128566, -0.5886321337005651, -1.6259965119743425, -2.9893199205945877, -0.6166709689175104, 0.8084181544771726, -0.19233749682861911, -4.657651079516139, 0.13801087448995575], [-0.4497829290581598, -3.04452295134722, -0.2838526069094095, -3.18756351167367, 2.3154702212863962, 1.7007033619357845, 1.3516526726943159, 1.5625947039149493, 6.91275593606581, 0.45344028108127266, 0.7274415133323701, 0.48385278538161325], [0.8148629731390749, 0.732777169651717, 1.3600434818875935, -1.546780821240633, 1.7117139528428407, -2.772451981756839, -4.061901464700431, -2.6664822301429263, 0.9001679616347374, 0.8221941474788018, 2.2242521724041375, 2.189384365828291], [1.8288603218346897, -1.5030924160852153, -0.7031976250470234, 2.001917193897111, -1.9234705649178017, -4.803562644556122, 4.340369017662111, -0.8827406862639288, 4.291328158134242, 7.438729338610546, -1.9438398829650188, 0.5890302092817657], [-0.5513020298315261, 2.1736880097610074, -0.8178848107638, 0.4765326943663072, -0.7621334449927992, -3.5188156267810826, -5.060316606744314, 0.4665848936514244, -3.6501834366559356, -3.566405402369464, -2.2173414291182434, -0.9997465894698108], [4.604568403427655, -0.8393392721886829, 1.6731896657508925, -0.05269724731990399, -0.1759868547567518, -0.4519773595127142, 1.7800749254243569, -1.9187097624911849, -0.13331232718610433, 0.5292147944505033, 2.5131719104353385, 5.302145205335053], [-3.591253569339511, -0.7261869220250593, 0.03225061952070522, -5.575360327883057, 3.049289689647369, 3.91983502251112, 0.8660740000800486, -2.1658331388864807, 0.11306738255689124, 2.027805490292173, -1.539101574875209, 4.025835681371845], [0.0765827567169376, 6.834235604326769, 2.371323557702693, 0.3322716816725078, -1.9119486636786613, 2.0851479784603257, -0.465359914069458, -4.143355168194607, -2.2413617560389523, 2.431838783826116, 1.6221553613326538, -0.5250634943430391], [-1.000268075914657, 0.3138020157410645, -5.979174851737532, 5.164410190776262, 2.1213557829593994, 1.7545273985339136, -0.6124341935560904, -1.3902927124664803, -5.188703830930342, -1.9676298775689796, -1.3999526444844987, -2.108136666698293], [2.454159772254138, 4.560847621729694, -2.9793420679268374, -1.0496577999551955, 1.0048463752008083, -1.7702408897664046, 2.1041980645410434, -1.1753408466303248, -1.5998477891684326, 3.2120323036403575, 4.523189423594787, -1.2632706835734022], [1.5542783029169347, -2.9569810218296624, 3.7398883671889855, -1.1406141533607133, -1.5559142748867676, -0.8690588787259266, -1.7585838949423553, -1.7265477729362602, -1.7211736336726013, 0.92422528599762, -2.094210081971466, -2.5833820837052346], [1.4409448254698332, -0.562860002205943, 0.810990276627485, -1.0600981640806084, 2.7160941560906235, -2.6700647683375687, 2.639195603931648, 6.9359505438198195, -0.05106741770151698, 0.9059043809517937, 3.2680573311318697, 1.1875511145029518], [2.128426863770446, -4.781483064697913, -0.8826486429079579, -2.6747969199512975, 1.1245036464766287, -3.102956971437099, 0.934556366371943, -5.224096456526522, -4.553480589802992, -2.5120896027632282, -3.0647196085047916, 0.2714671533475655], [-0.7765388352531756, 2.356801232229627, 5.805555858260486, -3.8484795107148484, 0.3547021201807696, -0.23983566649539617, 1.1218748619616856, 0.8922314934892511, 2.0128567475861607, -2.7965435175781996, -3.284989948352979, 1.1687109103049313], [0.878484137872948, 5.425670480408048, 3.890894574734388, -0.17708609941490822, 2.112965514741989, -1.1646155548768906, -2.6958157034304313, -0.20667575417374756, -5.471474817025039, 1.7819299355644176, 1.665790631432607, 1.139889120459736], [2.2510919029993604, 0.07652546275006886, -2.1004874010848544, -0.8966946511856185, 0.7962707292144394, -1.1817811720286735, -3.288384555612075, 0.7653143244420437, -1.782889201778918, -2.822216871334142, -3.575821228041248, -4.543580313038083], [2.129184032905557, -2.386829061239951, 0.7938509947548248, -2.400582791123229, -0.6648332548365959, -3.6056123913675853, -1.7881490423664164, 2.046924408984073, -1.7487504868684567, -3.665838763956483, 0.10561837228539679, 4.863737607410733], [-1.4400493350898318, -0.8059457484065123, -2.596185399853537, -1.150030335195112, -5.602397093679873, -1.1003685748127363, 0.9935092331831199, -1.915975482717975, -1.2824255481345415, -3.6920413649807697, 3.750130967223569, 2.28614825141871], [-0.06631251906113171, -1.3862231659711246, 0.8903971942163422, 3.11378022381278, -0.6296279037133868, 1.3218324444845415, 2.6056515753410645, 1.8258485672442697, -2.5962976431056592, -0.9983749599300916, 0.9351843725567165, -0.8645916643563771], [-5.549400622262839, -1.4720198948779788, -4.454536606641471, 0.8556544020212675, 1.7899766684122353, 0.5664628684181376, 0.28414285809823614, -3.3497825204884673, -0.35322634573877193, 0.44660635881320065, -0.5152627257630029, 1.3568402806166773], [0.05920578391409843, 1.2157321704472894, 2.249536951023198, 3.2879110443773336, 4.309710831245334, -0.7736529088525078, -5.211701646698389, 3.0293647613071797, 4.7935852905077905, -4.122267474771533, 1.186034737270519, -4.503579673145751], [4.08057930442378, 2.7734807774609784, -0.2611044662319676, 2.6523142137653966, 3.6409811339648437, 0.8564748091176445, 0.2942727106005626, -0.7202135492281116, 2.4632421522103587, 0.6429657237782623, -0.443685114961652, -3.3838889305197304], [-2.2059561134540857, -1.1583056330151005, -3.1747077808578332, -4.835353133487103, 1.005850292152969, 2.0924709237694685, -1.0682003223544922, -2.3880723961326886, 1.4049746674923, 1.3059297939520134, 0.6828327259903508, 2.154978303166422], [1.4017984659746132, 2.951543423326416, 0.10132811739339101, -0.43525472131879744, 0.9920645410616793, 0.1987229599156233, 1.6015726356195716, -1.1144371701375353, 1.1481095345459214, -0.1379664281878701, 4.907424582342314, -6.623800488451054], [-0.08355597466755664, -1.9654786627597665, 0.5464290529277416, -5.456681814387922, 4.8082159551041, 1.9038919681922255, -0.5344462342341217, -3.0719012478829115, -0.9927763762746451, -2.4203811005826137, 1.643892521960347, 1.950352167834146], [4.658068737471507, 3.1743641774134814, -3.8788991753910818, 0.19414347966079862, -4.087602753420991, 4.068929380428022, -1.0738647490969706, -2.4517397280412974, -0.7969225679424916, 0.012609316765626325, -1.5382947220546592, -4.511238831879364], [-4.235343394218936, -0.7571289640138188, 1.2126436526950828, -0.28218341350528037, -4.589129100556718, 1.9118485199350495, -0.9823409301783104, -2.8664913447605356, -3.5234219763380263, 1.1865188878230064, -3.654812058344913, -0.20340586477019965], [-0.42967879230634803, -0.9034720777887193, -1.029349317454078, -2.1311592419585095, -0.0787740103515642, 1.5180180753289862, -2.260175558087262, -3.8050617531798876, -0.4576534650694884, -1.9366624963073114, 2.57640806988292, 1.3793109563480843], [-1.4183758245660665, 0.3269230247754777, 5.015994898777379, -1.8578015906582332, -2.0101782505512547, -1.3849724784359865, -2.012091334596513, -3.6978424591476418, -1.1532224818602914, -2.345634503137741, 0.7840683797327456, 0.010505903231251118], [1.9830638869854496, 3.6681727976784804, 0.4848194735870664, -0.002860825616253686, -1.6276475526637908, 1.5894245449536306, 1.0455640714013368, -1.0052479248046549, -1.718046672068766, -3.9990220006275257, 4.421177430512125, -0.22374945521241407], [0.42274730525848003, 1.6106368967203932, -1.022015776235685, 1.4867635369945424, -0.8796176655083919, -3.8328650532860142, -5.588879694934408, 0.6564802808626571, -1.3268081067013582, 2.502079322079898, -1.9921977704966074, 2.659993304269737], [-2.726047406534644, 0.9670353070391623, 1.5513653534546317, 3.82330061136922, -1.7933801631521076, -5.315790560210041, -1.3181595724809398, 2.8961337731275685, 0.9734501027115612, 3.270035598670089, 0.3817693420990833, 1.9276768030622735], [3.430265691158058, 1.8557221601604255, -1.0346731849175057, -0.524071568147814, 5.775861503840518, -3.3341242099380506, 1.1434225779124112, 0.30820880124355626, 0.735545636384708, 0.4753123521633071, 1.7568811238315412, -0.8738044665181832], [2.2476751918933937, -4.822708146085187, -0.20959279697532082, -0.06149899077799685, -0.8425634457842025, 1.00713089322586, -0.15783921200791634, -0.9731898343907567, -2.414026821351013, -3.8994733449817574, 0.4102724707566392, -3.477512886415283], [2.954354961922129, 0.9686575791782845, 4.928503779126574, -1.254140621636908, 2.9860497478994246, -1.2790885061766883, -1.0386696874811407, 0.6461778603443473, -2.674446722644786, 3.46615519300298, 0.5275984035552927, 4.56619468447819], [0.15710364183037975, 3.2780577084880065, 3.474216249448336, 5.02543751028002, -2.5290658835492192, -0.2699097825951733, -0.006864867060303089, 2.509145804944851, 3.3262166293955744, -2.473081036610923, -1.8571609900120392, -0.6136108666873358], [-0.8125046477960146, -0.6455052901542391, 3.541872859896092, 0.7900428666712476, -3.80692987232991, 1.3504403988299285, -2.0251340327396314, -1.30000888964596, 3.073371489428383, 0.07907409067520639, 4.840194130214568, -0.19233183425292963], [-1.1014581380882955, 0.3215150999696371, -3.5273027457750676, -3.658250191562792, 3.795505383478267, -3.5653238176348885, 4.583799240291604, 0.10358198777104428, -0.4300257087724454, 2.0472771035335655, 3.700396975533427, 0.5741428113607692], [6.746428018459877, 0.45164424479957443, 1.6859399397270718, -4.715782294377405, -3.1752242883059183, -0.41755573008846125, -0.08679518194994928, -3.665462513114111, 3.910837173781552, -1.010130984908771, -1.1544385788786045, 1.5437710010359322], [-1.3650234154264906, -0.9585245572539245, 0.21185458719732894, -4.1009130869943125, 0.8584448228089875, 3.062687892066944, -2.3339916536787504, 0.7606569927515991, -3.4473369485773127, -3.2950255233763492, -0.1320697720979217, -1.2527848341595167], [1.2096532760999361, -1.0475399394994909, -0.7953503939891337, -1.020638833892413, -2.0418861158098682, 6.825407799882265, -1.9615641078984603, -1.970228804437204, 0.6162773543001536, -1.954706145722116, 4.284200995295241, 0.48556198786237886], [2.222025857987365, -1.9893760509990013, -0.6959059123848256, -1.4737745367486363, -3.7091076400941225, -5.308130863975298, 0.20294578828230736, -1.0272691660276023, -2.3601228020408738, -0.9277200415304401, -0.4199349491016478, -1.2574218195115088], [1.6822100488143479, -3.0911329911296694, -1.8586379463642975, 0.44071752148126936, 1.7824834872511848, -0.0013283110542283859, 3.5912837721033664, -1.6941032203982143, -5.217023317083091, 0.14758883709289808, 1.7239198786940766, -4.911425793602131], [1.3148175129214832, 1.96569722932963, -0.5789084644062963, 5.344856924488063, 0.8149528758562425, 0.2299820676800401, 2.212877274187248, -0.127920644722062, -1.3081845081171983, -3.751839978008788, 1.4888310490221164, -1.6164233768142133], [0.3477705662147432, -0.10454169726199541, 1.9643522837418397, 7.02992086896263, -1.5130383385769788, 2.4106476640499825, 0.03629761885055538, 1.7629351407161746, 2.7288274637675047, -3.168379985702974, 1.4043696216859851, -0.7507900756970688], [5.217730597755241, -5.4493648991067705, -1.764615646667693, -1.2578114856806974, -1.7031457545207591, -0.8430861264713473, -2.408838218851308, 3.176685913746297, 1.5397575622906932, -3.499306335780947, -2.899162975357527, 0.7085813048398636], [-3.4649625853807535, 3.30037933613602, 2.2171325763487206, -1.20206676323059, -1.4119910946011356, 4.762741252940801, -0.04085823517230282, -2.4606817170184883, 0.4543619308381086, -4.175690793629107, 1.7349933056039772, 1.8879575288905905], [-2.0468703496141907, 3.0849128001499997, 0.5583344661304909, 1.9415300733750707, 0.7102745974402086, -0.21682837492573426, -0.06960857543776419, 2.039729977825559, 3.928272333218476, -0.3830867198240645, 1.1081586371531629, -0.4313712684710451], [-1.7777016715376746, 2.823092629185753, 0.6165720598175936, 1.8736601682088538, -1.53359750828709, -0.5228088524566972, -0.6127083032503463, -0.9120082574049162, 5.677434140575971, -1.2516414621516596, 0.12915798759281724, -4.223829904533267]] 

final output_weight is  [[1.3737137521754594, -2.7619966757545877, 1.6698277898781209, -2.9877941465841555, -2.1049083618731688, 2.275178048790554, -0.661258523320688, 1.8640540324844883, 2.2800833091973502, -1.6283666382171014, 1.5797628377261757, -3.2440869787389173, 3.349903847914496, 2.291892495629268, -1.7814590668733907, 1.7376810287826006, -2.820368233181134, 3.359779678508522, 2.234101333484646, -1.7551933323106923, 2.892055295338964, -2.579118675738509, 1.9846164528374874, 3.7549648460531575, 2.545012090607446, -3.1941622446629845, 3.882946075442468, 0.149308280884905, -2.504223332078628, 3.141814755687594, 2.6952472361618534, 2.2519845974673394, -3.895454254384546, 2.4184242845815898, -2.860483327642137, 1.3000747460334647, -3.1700435106065026, 3.884981174599272, 2.1231186510862092, -3.33965939595902, -0.7257318957566716, 1.7697110542558943, -2.6201256985956283, -3.7625955312769435, -3.1204137361924085, -2.3798364588658854, -2.2481139432680126, 0.29249480094825664, 2.33654163836539, -2.5300127640035117, 0.5852236885492029, -2.417693958912294, 2.782768234635265, -2.3124206488809875, 3.0458787055241876, 3.2958943605145588, -0.560571015656761, -2.682822381424631, 4.370795940031746], [-2.7690182465147744, 2.293099384343254, -3.5653248391930408, 3.1169684981853463, 2.830859997834082, -3.004010232968492, -0.6978266867263171, -2.848481776145097, -1.6358235715008447, 2.6984633201236274, -3.7196504865146074, 2.1447777933628487, -4.2728422655003975, -3.218855338264688, 1.8987089466445433, 0.12745429411136094, 3.1537157590733464, -3.4464649260747184, -2.9642872951833508, 1.7624211711277469, -1.163150950982067, 3.8439561524139068, -2.228648608663932, -3.4936574171043597, -2.249263391589309, 3.097737667902034, -3.1307166808387694, -2.26677099452796, 2.3040981413849035, -3.2186332320648137, -1.8349099813489114, -3.9095876719288416, 0.9731785339735854, -3.388204810514169, 2.4460871637081993, -2.5134352036596437, 2.332148448235979, -2.736614217957601, -2.507277057183704, 3.306521061451815, 2.629046509838641, -2.2942682231777276, 1.420685875395008, 3.10087962883634, 0.9529880935817119, 2.605317787927536, 2.6582845937929633, 1.9362558408280122, -0.8279507777873584, 3.0661061520015007, 0.9545665228129836, 3.04128731725742, -2.3641808931523802, 3.1713454448783622, -2.919230093274988, -3.1585196660870634, 1.2927089330958885, 2.550824660485558, -8.639844899643817], [2.594324317957319, 1.0534425734403752, 2.383330126132786, 1.822435841127563, -1.1636434430518845, 0.924146436221769, 2.9411707702851446, 2.8760675694485487, -2.1473159493925342, -2.801998342384438, 3.9378056601722635, 1.4441145828041262, 2.611185746822665, 1.634304349491221, -0.8282345001529887, -3.825791451533907, -1.561882724929413, 1.7606334644496615, 1.238606555029585, 1.488879529450307, -4.538750470823461, -2.484038118675512, 0.30472089319556234, -1.6603302547822556, -0.5320794758460347, 0.3520592242936884, -0.7795521769334804, 2.3665365873756614, -0.6927609944682422, -0.10021729347113113, 1.2626180555867315, 1.68699623007173, 4.562889265348754, 3.3252852814807317, -1.1545492152037826, 2.696605375329686, 0.9418756831306565, -0.6362862943256851, 1.6626129586744682, 0.6204084807954864, -3.4139791060052964, 1.5807124936764445, 1.3940194311401046, 1.5373077941798943, 5.063836028450507, 1.4958646117196381, -0.7277322094096713, -4.560584986517222, -2.9047778953094587, -0.989253744988616, -3.722330097210208, -1.9522868494495187, 0.5083053490263939, -2.740226711693113, 1.5789387619355901, -0.22468220821148316, -2.883619274363272, 0.8965192358729795, -9.00325237596291]] 

Start the testing phase

final Training epoch is: 336

final Training Sum error is: 49.60635278787011

final Training Mean squared error is: 0.02470435895810264

 final testing output:
(0.9,0.1,0.1) represent '5'
(0.1,0.9,0.1)represent '7'
(0.1,0.1,0.9) represents '8'


Classified as Quality 5:
8.6,0.23,0.4,4.2,0.035,17,109,0.9947,3.14,0.53,9.7,5
8.6,0.23,0.4,4.2,0.035,17,109,0.9947,3.14,0.53,9.7,5
7.9,0.18,0.37,1.2,0.04,16,75,0.992,3.18,0.63,10.8,5
7.9,0.18,0.37,1.2,0.04,16,75,0.992,3.18,0.63,10.8,5
8.3,0.42,0.62,19.25,0.04,41,172,1.0002,2.98,0.67,9.7,5
8.3,0.42,0.62,19.25,0.04,41,172,1.0002,2.98,0.67,9.7,5
6.5,0.31,0.14,7.5,0.044,34,133,0.9955,3.22,0.5,9.5,5
6.5,0.31,0.14,7.5,0.044,34,133,0.9955,3.22,0.5,9.5,5
6.8,0.26,0.42,1.7,0.049,41,122,0.993,3.47,0.48,10.5,8
6.8,0.26,0.42,1.7,0.049,41,122,0.993,3.47,0.48,10.5,8
7.6,0.67,0.14,1.5,0.074,25,168,0.9937,3.05,0.51,9.3,5
7.6,0.67,0.14,1.5,0.074,25,168,0.9937,3.05,0.51,9.3,5
5.8,0.27,0.2,14.95,0.044,22,179,0.9962,3.37,0.37,10.2,5
5.8,0.27,0.2,14.95,0.044,22,179,0.9962,3.37,0.37,10.2,5
7.3,0.28,0.43,1.7,0.08,21,123,0.9905,3.19,0.42,12.8,5
7.3,0.28,0.43,1.7,0.08,21,123,0.9905,3.19,0.42,12.8,5
6.5,0.39,0.23,5.4,0.051,25,149,0.9934,3.24,0.35,10,5
6.5,0.39,0.23,5.4,0.051,25,149,0.9934,3.24,0.35,10,5
7.3,0.24,0.39,17.95,0.057,45,149,0.9999,3.21,0.36,8.6,5
7.3,0.24,0.39,17.95,0.057,45,149,0.9999,3.21,0.36,8.6,5
7.3,0.24,0.39,17.95,0.057,45,149,0.9999,3.21,0.36,8.6,5
7.3,0.24,0.39,17.95,0.057,45,149,0.9999,3.21,0.36,8.6,5
6.2,0.46,0.25,4.4,0.066,62,207,0.9939,3.25,0.52,9.8,5
6.2,0.46,0.25,4.4,0.066,62,207,0.9939,3.25,0.52,9.8,5
6.9,0.19,0.35,5,0.067,32,150,0.995,3.36,0.48,9.8,5
6.9,0.19,0.35,5,0.067,32,150,0.995,3.36,0.48,9.8,5
7,0.47,0.07,1.1,0.035,17,151,0.991,3.02,0.34,10.5,5
7,0.47,0.07,1.1,0.035,17,151,0.991,3.02,0.34,10.5,5
6.2,0.35,0.03,1.2,0.064,29,120,0.9934,3.22,0.54,9.1,5
6.2,0.35,0.03,1.2,0.064,29,120,0.9934,3.22,0.54,9.1,5
6.7,0.25,0.13,1.2,0.041,81,174,0.992,3.14,0.42,9.8,5
6.7,0.25,0.13,1.2,0.041,81,174,0.992,3.14,0.42,9.8,5
7.4,0.24,0.29,10.1,0.05,21,105,0.9962,3.13,0.35,9.5,5
7.4,0.24,0.29,10.1,0.05,21,105,0.9962,3.13,0.35,9.5,5
6.8,0.3,0.23,4.6,0.061,50.5,238.5,0.9958,3.32,0.6,9.5,5
6.8,0.3,0.23,4.6,0.061,50.5,238.5,0.9958,3.32,0.6,9.5,5
7.4,0.24,0.29,10.1,0.05,21,105,0.9962,3.13,0.35,9.5,5
7.4,0.24,0.29,10.1,0.05,21,105,0.9962,3.13,0.35,9.5,5
7.4,0.18,0.3,8.8,0.064,26,103,0.9961,2.94,0.56,9.3,5
7.4,0.18,0.3,8.8,0.064,26,103,0.9961,2.94,0.56,9.3,5
6.7,0.54,0.28,5.4,0.06,21,105,0.9949,3.27,0.37,9,5
6.7,0.54,0.28,5.4,0.06,21,105,0.9949,3.27,0.37,9,5
7.1,0.34,0.2,6.1,0.063,47,164,0.9946,3.17,0.42,10,5
7.1,0.34,0.2,6.1,0.063,47,164,0.9946,3.17,0.42,10,5
7.1,0.43,0.61,11.8,0.045,54,155,0.9974,3.11,0.45,8.7,5
7.1,0.43,0.61,11.8,0.045,54,155,0.9974,3.11,0.45,8.7,5
7.1,0.43,0.61,11.8,0.045,54,155,0.9974,3.11,0.45,8.7,5
7.1,0.43,0.61,11.8,0.045,54,155,0.9974,3.11,0.45,8.7,5
6.1,0.27,0.43,7.5,0.049,65,243,0.9957,3.12,0.47,9,5
6.1,0.27,0.43,7.5,0.049,65,243,0.9957,3.12,0.47,9,5
7.4,0.25,0.37,13.5,0.06,52,192,0.9975,3,0.44,9.1,5
7.4,0.25,0.37,13.5,0.06,52,192,0.9975,3,0.44,9.1,5
7.1,0.12,0.32,9.6,0.054,64,162,0.9962,3.4,0.41,9.4,5
7.1,0.12,0.32,9.6,0.054,64,162,0.9962,3.4,0.41,9.4,5
6,0.21,0.24,12.1,0.05,55,164,0.997,3.34,0.39,9.4,5
6,0.21,0.24,12.1,0.05,55,164,0.997,3.34,0.39,9.4,5
7.5,0.305,0.4,18.9,0.059,44,170,1,2.99,0.46,9,5
7.5,0.305,0.4,18.9,0.059,44,170,1,2.99,0.46,9,5
7.4,0.25,0.37,13.5,0.06,52,192,0.9975,3,0.44,9.1,5
7.4,0.25,0.37,13.5,0.06,52,192,0.9975,3,0.44,9.1,5
7.1,0.12,0.32,9.6,0.054,64,162,0.9962,3.4,0.41,9.4,5
7.1,0.12,0.32,9.6,0.054,64,162,0.9962,3.4,0.41,9.4,5
6.9,0.33,0.28,1.3,0.051,37,187,0.9927,3.27,0.6,10.3,5
6.9,0.33,0.28,1.3,0.051,37,187,0.9927,3.27,0.6,10.3,5
7.2,0.27,0.46,18.75,0.052,45,255,1,3.04,0.52,8.9,5
7.2,0.27,0.46,18.75,0.052,45,255,1,3.04,0.52,8.9,5
7.2,0.31,0.5,13.3,0.056,68,195,0.9982,3.01,0.47,9.2,5
7.2,0.31,0.5,13.3,0.056,68,195,0.9982,3.01,0.47,9.2,5
6.7,0.41,0.34,9.2,0.049,29,150,0.9968,3.22,0.51,9.1,5
6.7,0.41,0.34,9.2,0.049,29,150,0.9968,3.22,0.51,9.1,5
6.7,0.41,0.34,9.2,0.049,29,150,0.9968,3.22,0.51,9.1,5
6.7,0.41,0.34,9.2,0.049,29,150,0.9968,3.22,0.51,9.1,5
7.2,0.31,0.5,13.3,0.056,68,195,0.9982,3.01,0.47,9.2,5
7.2,0.31,0.5,13.3,0.056,68,195,0.9982,3.01,0.47,9.2,5
7.3,0.32,0.48,13.3,0.06,57,196,0.9982,3.04,0.5,9.2,5
7.3,0.32,0.48,13.3,0.06,57,196,0.9982,3.04,0.5,9.2,5
5.9,0.36,0.04,5.7,0.046,21,87,0.9934,3.22,0.51,10.2,5
5.9,0.36,0.04,5.7,0.046,21,87,0.9934,3.22,0.51,10.2,5
7.8,0.24,0.32,12.2,0.054,42,138,0.9984,3.01,0.54,8.8,5
7.8,0.24,0.32,12.2,0.054,42,138,0.9984,3.01,0.54,8.8,5
7.4,0.16,0.31,6.85,0.059,31,131,0.9952,3.29,0.34,9.7,5
7.4,0.16,0.31,6.85,0.059,31,131,0.9952,3.29,0.34,9.7,5
7.4,0.39,0.23,7,0.033,29,126,0.994,3.14,0.42,10.5,5
7.4,0.39,0.23,7,0.033,29,126,0.994,3.14,0.42,10.5,5
6.1,0.3,0.56,2.8,0.044,47,179,0.9924,3.3,0.57,10.9,7
6.1,0.3,0.56,2.8,0.044,47,179,0.9924,3.3,0.57,10.9,7
5.7,0.26,0.25,10.4,0.02,7,57,0.994,3.39,0.37,10.6,5
5.7,0.26,0.25,10.4,0.02,7,57,0.994,3.39,0.37,10.6,5
6.5,0.425,0.4,13.1,0.038,59,241,0.9979,3.23,0.57,9,5
6.5,0.425,0.4,13.1,0.038,59,241,0.9979,3.23,0.57,9,5
6.6,0.24,0.27,15.8,0.035,46,188,0.9982,3.24,0.51,9.2,5
6.6,0.24,0.27,15.8,0.035,46,188,0.9982,3.24,0.51,9.2,5
6.8,0.27,0.22,8.1,0.034,55,203,0.9961,3.19,0.52,8.9,5
6.8,0.27,0.22,8.1,0.034,55,203,0.9961,3.19,0.52,8.9,5
6.7,0.27,0.31,15.7,0.036,44,179,0.9979,3.26,0.56,9.6,5
6.7,0.27,0.31,15.7,0.036,44,179,0.9979,3.26,0.56,9.6,5
7.1,0.37,0.67,10.5,0.045,49,155,0.9975,3.16,0.44,8.7,5
7.1,0.37,0.67,10.5,0.045,49,155,0.9975,3.16,0.44,8.7,5
6.3,0.31,0.34,2.2,0.045,20,77,0.9927,3.3,0.43,10.2,5
6.3,0.31,0.34,2.2,0.045,20,77,0.9927,3.3,0.43,10.2,5
7.1,0.37,0.67,10.5,0.045,49,155,0.9975,3.16,0.44,8.7,5
7.1,0.37,0.67,10.5,0.045,49,155,0.9975,3.16,0.44,8.7,5
7.2,0.18,0.41,1.2,0.048,41,97,0.9919,3.14,0.45,10.4,5
7.2,0.18,0.41,1.2,0.048,41,97,0.9919,3.14,0.45,10.4,5
6.4,0.22,0.56,14.5,0.055,27,159,0.998,2.98,0.4,9.1,5
6.4,0.22,0.56,14.5,0.055,27,159,0.998,2.98,0.4,9.1,5
6.3,0.36,0.3,4.8,0.049,14,85,0.9932,3.28,0.39,10.6,5
6.3,0.36,0.3,4.8,0.049,14,85,0.9932,3.28,0.39,10.6,5
6.7,0.24,0.35,13.1,0.05,64,205,0.997,3.15,0.5,9.5,5
6.7,0.24,0.35,13.1,0.05,64,205,0.997,3.15,0.5,9.5,5
7,0.23,0.36,13,0.051,72,177,0.9972,3.16,0.49,9.8,5
7,0.23,0.36,13,0.051,72,177,0.9972,3.16,0.49,9.8,5
7.5,0.29,0.31,8.95,0.055,20,151,0.9968,3.08,0.54,9.3,5
7.5,0.29,0.31,8.95,0.055,20,151,0.9968,3.08,0.54,9.3,5
9.8,0.42,0.48,9.85,0.034,5,110,0.9958,2.87,0.29,10,5
9.8,0.42,0.48,9.85,0.034,5,110,0.9958,2.87,0.29,10,5
7.5,0.27,0.31,17.7,0.051,33,173,0.999,3.09,0.64,10.2,5
7.5,0.27,0.31,17.7,0.051,33,173,0.999,3.09,0.64,10.2,5
5.9,0.23,0.3,12.9,0.054,57,170,0.9972,3.28,0.39,9.4,5
5.9,0.23,0.3,12.9,0.054,57,170,0.9972,3.28,0.39,9.4,5
7.1,0.34,0.15,1.2,0.053,61,183,0.9936,3.09,0.43,9.2,5
7.1,0.34,0.15,1.2,0.053,61,183,0.9936,3.09,0.43,9.2,5
6.8,0.28,0.4,22,0.048,48,167,1.001,2.93,0.5,8.7,5
6.8,0.28,0.4,22,0.048,48,167,1.001,2.93,0.5,8.7,5
6.8,0.26,0.56,11.9,0.043,64,226,0.997,3.02,0.63,9.3,5
6.8,0.26,0.56,11.9,0.043,64,226,0.997,3.02,0.63,9.3,5
6.8,0.29,0.56,11.9,0.043,66,230,0.9972,3.02,0.63,9.3,5
6.8,0.29,0.56,11.9,0.043,66,230,0.9972,3.02,0.63,9.3,5
5.9,0.3,0.23,4.2,0.038,42,119,0.9924,3.15,0.5,11,5
5.9,0.3,0.23,4.2,0.038,42,119,0.9924,3.15,0.5,11,5
6.8,0.28,0.4,22,0.048,48,167,1.001,2.93,0.5,8.7,5
6.8,0.28,0.4,22,0.048,48,167,1.001,2.93,0.5,8.7,5
6.6,0.15,0.34,5.1,0.055,34,125,0.9942,3.36,0.42,9.6,5
6.6,0.15,0.34,5.1,0.055,34,125,0.9942,3.36,0.42,9.6,5
6.4,0.29,0.44,3.6,0.2,75,181,0.9942,3.02,0.41,9.1,5
6.4,0.29,0.44,3.6,0.2,75,181,0.9942,3.02,0.41,9.1,5
6.4,0.29,0.44,3.6,0.197,75,183,0.9942,3.01,0.38,9.1,5
6.4,0.29,0.44,3.6,0.197,75,183,0.9942,3.01,0.38,9.1,5
6.8,0.26,0.24,7.8,0.052,54,214,0.9961,3.13,0.47,8.9,5
6.8,0.26,0.24,7.8,0.052,54,214,0.9961,3.13,0.47,8.9,5
7.1,0.32,0.24,13.1,0.05,52,204,0.998,3.1,0.49,8.8,5
7.1,0.32,0.24,13.1,0.05,52,204,0.998,3.1,0.49,8.8,5
6.8,0.26,0.24,7.8,0.052,54,214,0.9961,3.13,0.47,8.9,5
6.8,0.26,0.24,7.8,0.052,54,214,0.9961,3.13,0.47,8.9,5
6.8,0.27,0.26,16.1,0.049,55,196,0.9984,3.15,0.5,9.3,5
6.8,0.27,0.26,16.1,0.049,55,196,0.9984,3.15,0.5,9.3,5
7.1,0.32,0.24,13.1,0.05,52,204,0.998,3.1,0.49,8.8,5
7.1,0.32,0.24,13.1,0.05,52,204,0.998,3.1,0.49,8.8,5
6.9,0.54,0.32,13.2,0.05,53,236,0.9973,3.2,0.5,9.6,5
6.9,0.54,0.32,13.2,0.05,53,236,0.9973,3.2,0.5,9.6,5
6.4,0.21,0.5,11.6,0.042,45,153,0.9972,3.15,0.43,8.8,5
6.4,0.21,0.5,11.6,0.042,45,153,0.9972,3.15,0.43,8.8,5
7,0.16,0.32,8.3,0.045,38,126,0.9958,3.21,0.34,9.2,5
7,0.16,0.32,8.3,0.045,38,126,0.9958,3.21,0.34,9.2,5
6.8,0.57,0.29,2.2,0.04,15,77,0.9938,3.32,0.74,10.2,5
6.8,0.57,0.29,2.2,0.04,15,77,0.9938,3.32,0.74,10.2,5
5.6,0.245,0.25,9.7,0.032,12,68,0.994,3.31,0.34,10.5,5
5.6,0.245,0.25,9.7,0.032,12,68,0.994,3.31,0.34,10.5,5
7,0.16,0.32,8.3,0.045,38,126,0.9958,3.21,0.34,9.2,5
7,0.16,0.32,8.3,0.045,38,126,0.9958,3.21,0.34,9.2,5
5.8,0.26,0.24,9.2,0.044,55,152,0.9961,3.31,0.38,9.4,5
5.8,0.26,0.24,9.2,0.044,55,152,0.9961,3.31,0.38,9.4,5
5.8,0.26,0.24,9.2,0.044,55,152,0.9961,3.31,0.38,9.4,5
5.8,0.26,0.24,9.2,0.044,55,152,0.9961,3.31,0.38,9.4,5
5.7,0.28,0.24,17.5,0.044,60,167,0.9989,3.31,0.44,9.4,5
5.7,0.28,0.24,17.5,0.044,60,167,0.9989,3.31,0.44,9.4,5
7.5,0.23,0.36,7,0.036,43,161,0.9938,3.04,0.32,11,5
7.5,0.23,0.36,7,0.036,43,161,0.9938,3.04,0.32,11,5
7.1,0.24,0.41,17.8,0.046,39,145,0.9998,3.32,0.39,8.7,5
7.1,0.24,0.41,17.8,0.046,39,145,0.9998,3.32,0.39,8.7,5
7.1,0.24,0.41,17.8,0.046,39,145,0.9998,3.32,0.39,8.7,5
7.1,0.24,0.41,17.8,0.046,39,145,0.9998,3.32,0.39,8.7,5
7.3,0.32,0.23,13.7,0.05,49,197,0.9985,3.2,0.46,8.7,5
7.3,0.32,0.23,13.7,0.05,49,197,0.9985,3.2,0.46,8.7,5
7.7,0.31,0.26,7.8,0.031,23,90,0.9944,3.13,0.5,10.4,5
7.7,0.31,0.26,7.8,0.031,23,90,0.9944,3.13,0.5,10.4,5
6.9,0.4,0.56,11.2,0.043,40,142,0.9975,3.14,0.46,8.7,5
6.9,0.4,0.56,11.2,0.043,40,142,0.9975,3.14,0.46,8.7,5
6.1,0.41,0.14,10.4,0.037,18,119,0.996,3.38,0.45,10,5
6.1,0.41,0.14,10.4,0.037,18,119,0.996,3.38,0.45,10,5
6.9,0.4,0.56,11.2,0.043,40,142,0.9975,3.14,0.46,8.7,5
6.9,0.4,0.56,11.2,0.043,40,142,0.9975,3.14,0.46,8.7,5
6.9,0.29,0.4,19.45,0.043,36,156,0.9996,2.93,0.47,8.9,5
6.9,0.29,0.4,19.45,0.043,36,156,0.9996,2.93,0.47,8.9,5
6.9,0.28,0.4,8.2,0.036,15,95,0.9944,3.17,0.33,10.2,5
6.9,0.28,0.4,8.2,0.036,15,95,0.9944,3.17,0.33,10.2,5
6.9,0.29,0.4,19.45,0.043,36,156,0.9996,2.93,0.47,8.9,5
6.9,0.29,0.4,19.45,0.043,36,156,0.9996,2.93,0.47,8.9,5
5.3,0.58,0.07,6.9,0.043,34,149,0.9944,3.34,0.57,9.7,5
5.3,0.58,0.07,6.9,0.043,34,149,0.9944,3.34,0.57,9.7,5
5.2,0.6,0.07,7,0.044,33,147,0.9944,3.33,0.58,9.7,5
5.2,0.6,0.07,7,0.044,33,147,0.9944,3.33,0.58,9.7,5
5.8,0.25,0.26,13.1,0.051,44,148,0.9972,3.29,0.38,9.3,5
5.8,0.25,0.26,13.1,0.051,44,148,0.9972,3.29,0.38,9.3,5
6.6,0.58,0.3,5.1,0.057,30,123,0.9949,3.24,0.38,9,5
6.6,0.58,0.3,5.1,0.057,30,123,0.9949,3.24,0.38,9,5
7,0.29,0.54,10.7,0.046,59,234,0.9966,3.05,0.61,9.5,5
7,0.29,0.54,10.7,0.046,59,234,0.9966,3.05,0.61,9.5,5
7.7,0.26,0.4,1.1,0.042,9,60,0.9915,2.89,0.5,10.6,5
7.7,0.26,0.4,1.1,0.042,9,60,0.9915,2.89,0.5,10.6,5
6.7,0.34,0.3,15.6,0.054,51,196,0.9982,3.19,0.49,9.3,5
6.7,0.34,0.3,15.6,0.054,51,196,0.9982,3.19,0.49,9.3,5
7.3,0.32,0.25,7.2,0.056,47,180,0.9961,3.08,0.47,8.8,5
7.3,0.32,0.25,7.2,0.056,47,180,0.9961,3.08,0.47,8.8,5
7.4,0.28,0.42,19.8,0.066,53,195,1,2.96,0.44,9.1,5
7.4,0.28,0.42,19.8,0.066,53,195,1,2.96,0.44,9.1,5
8.3,0.39,0.7,10.6,0.045,33,169,0.9976,3.09,0.57,9.4,5
8.3,0.39,0.7,10.6,0.045,33,169,0.9976,3.09,0.57,9.4,5
7.2,0.19,0.46,3.8,0.041,82,187,0.9932,3.19,0.6,11.2,7
7.2,0.19,0.46,3.8,0.041,82,187,0.9932,3.19,0.6,11.2,7
7.2,0.43,0.24,6.7,0.058,40,163,0.995,3.2,0.41,9.9,5
7.2,0.43,0.24,6.7,0.058,40,163,0.995,3.2,0.41,9.9,5
5.8,0.34,0.21,6.6,0.04,50,167,0.9941,3.29,0.62,10,5
5.8,0.34,0.21,6.6,0.04,50,167,0.9941,3.29,0.62,10,5
8.3,0.41,0.51,2,0.046,11,207,0.993,3.02,0.55,11.4,5
8.3,0.41,0.51,2,0.046,11,207,0.993,3.02,0.55,11.4,5
7.2,0.21,0.41,1.3,0.036,33,85,0.992,3.17,0.51,10.4,5
7.2,0.21,0.41,1.3,0.036,33,85,0.992,3.17,0.51,10.4,5
6.5,0.28,0.34,9.9,0.038,30,133,0.9954,3.11,0.44,9.8,5
6.5,0.28,0.34,9.9,0.038,30,133,0.9954,3.11,0.44,9.8,5
5.6,0.26,0.26,5.7,0.031,12,80,0.9923,3.25,0.38,10.8,5
5.6,0.26,0.26,5.7,0.031,12,80,0.9923,3.25,0.38,10.8,5
5.9,0.26,0.4,1.3,0.047,12,139,0.9945,3.45,0.53,10.4,5
5.9,0.26,0.4,1.3,0.047,12,139,0.9945,3.45,0.53,10.4,5
5.4,0.31,0.47,3,0.053,46,144,0.9931,3.29,0.76,10,5
5.4,0.31,0.47,3,0.053,46,144,0.9931,3.29,0.76,10,5
7.1,0.365,0.14,1.2,0.055,24,84,0.9941,3.15,0.43,8.9,5
7.1,0.365,0.14,1.2,0.055,24,84,0.9941,3.15,0.43,8.9,5
7.1,0.39,0.35,12.5,0.044,26,72,0.9941,3.17,0.29,11.6,5
7.1,0.39,0.35,12.5,0.044,26,72,0.9941,3.17,0.29,11.6,5
6.6,0.905,0.19,0.8,0.048,17,204,0.9934,3.34,0.56,10,5
6.6,0.905,0.19,0.8,0.048,17,204,0.9934,3.34,0.56,10,5
7.3,0.2,0.44,1.4,0.045,21,98,0.9924,3.15,0.46,10,7
7.3,0.2,0.44,1.4,0.045,21,98,0.9924,3.15,0.46,10,7
7.3,0.2,0.44,1.4,0.045,21,98,0.9924,3.15,0.46,10,7
7.3,0.2,0.44,1.4,0.045,21,98,0.9924,3.15,0.46,10,7
6.3,0.39,0.35,5.9,0.04,82.5,260,0.9941,3.12,0.66,10.1,5
6.3,0.39,0.35,5.9,0.04,82.5,260,0.9941,3.12,0.66,10.1,5
6.5,0.36,0.32,1.1,0.031,13,66,0.9916,3.1,0.46,10.6,5
6.5,0.36,0.32,1.1,0.031,13,66,0.9916,3.1,0.46,10.6,5
6.8,0.37,0.51,11.8,0.044,62,163,0.9976,3.19,0.44,8.8,5
6.8,0.37,0.51,11.8,0.044,62,163,0.9976,3.19,0.44,8.8,5
6.8,0.27,0.12,1.3,0.04,87,168,0.992,3.18,0.41,10,5
6.8,0.27,0.12,1.3,0.04,87,168,0.992,3.18,0.41,10,5
8.2,0.28,0.42,1.8,0.031,30,93,0.9917,3.09,0.39,11.4,5
8.2,0.28,0.42,1.8,0.031,30,93,0.9917,3.09,0.39,11.4,5
5.9,0.26,0.27,18.2,0.048,52,168,0.9993,3.35,0.44,9.4,5
5.9,0.26,0.27,18.2,0.048,52,168,0.9993,3.35,0.44,9.4,5
6.8,0.37,0.51,11.8,0.044,62,163,0.9976,3.19,0.44,8.8,5
6.8,0.37,0.51,11.8,0.044,62,163,0.9976,3.19,0.44,8.8,5
6.1,0.35,0.07,1.4,0.069,22,108,0.9934,3.23,0.52,9.2,5
6.1,0.35,0.07,1.4,0.069,22,108,0.9934,3.23,0.52,9.2,5
7.1,0.27,0.31,18.2,0.046,55,252,1,3.07,0.56,8.7,5
7.1,0.27,0.31,18.2,0.046,55,252,1,3.07,0.56,8.7,5
6.8,0.27,0.12,1.3,0.04,87,168,0.992,3.18,0.41,10,5
6.8,0.27,0.12,1.3,0.04,87,168,0.992,3.18,0.41,10,5
6.9,0.49,0.24,1.2,0.049,13,125,0.9932,3.17,0.51,9.4,5
6.9,0.49,0.24,1.2,0.049,13,125,0.9932,3.17,0.51,9.4,5
8.2,0.28,0.42,1.8,0.031,30,93,0.9917,3.09,0.39,11.4,5
8.2,0.28,0.42,1.8,0.031,30,93,0.9917,3.09,0.39,11.4,5
7.2,0.19,0.39,1.2,0.036,32,85,0.9918,3.16,0.5,10.5,5
7.2,0.19,0.39,1.2,0.036,32,85,0.9918,3.16,0.5,10.5,5
7.2,0.19,0.39,1.2,0.036,32,85,0.9918,3.16,0.5,10.5,5
7.2,0.19,0.39,1.2,0.036,32,85,0.9918,3.16,0.5,10.5,5
6.8,0.26,0.22,7.7,0.047,57,210,0.9959,3.1,0.47,9,5
6.8,0.26,0.22,7.7,0.047,57,210,0.9959,3.1,0.47,9,5
6.8,0.29,0.5,13.3,0.053,48,194,0.9974,3.09,0.45,9.4,5
6.8,0.29,0.5,13.3,0.053,48,194,0.9974,3.09,0.45,9.4,5
7.8,0.21,0.27,1.2,0.051,20,89,0.9936,3.06,0.46,9.1,5
7.8,0.21,0.27,1.2,0.051,20,89,0.9936,3.06,0.46,9.1,5
7.1,0.31,0.47,13.6,0.056,54,197,0.9978,3.1,0.49,9.3,5
7.1,0.31,0.47,13.6,0.056,54,197,0.9978,3.1,0.49,9.3,5
6.8,0.29,0.5,13.3,0.053,48,194,0.9974,3.09,0.45,9.4,5
6.8,0.29,0.5,13.3,0.053,48,194,0.9974,3.09,0.45,9.4,5
6.4,0.34,0.1,1.1,0.048,19,84,0.9927,3.21,0.38,9.8,5
6.4,0.34,0.1,1.1,0.048,19,84,0.9927,3.21,0.38,9.8,5
6.1,0.28,0.32,2.5,0.042,23,218.5,0.9935,3.27,0.6,9.8,5
6.1,0.28,0.32,2.5,0.042,23,218.5,0.9935,3.27,0.6,9.8,5
6.2,0.35,0.04,1.2,0.06,23,108,0.9934,3.26,0.54,9.2,5
6.2,0.35,0.04,1.2,0.06,23,108,0.9934,3.26,0.54,9.2,5
5.8,0.28,0.27,2.6,0.054,30,156,0.9914,3.53,0.42,12.4,5
5.8,0.28,0.27,2.6,0.054,30,156,0.9914,3.53,0.42,12.4,5
7.2,0.6,0.2,9.9,0.07,21,174,0.9971,3.03,0.54,9.1,5
7.2,0.6,0.2,9.9,0.07,21,174,0.9971,3.03,0.54,9.1,5
7.1,0.21,0.27,8.6,0.056,26,111,0.9956,2.95,0.52,9.5,5
7.1,0.21,0.27,8.6,0.056,26,111,0.9956,2.95,0.52,9.5,5
6.1,0.43,0.35,9.1,0.059,83,249,0.9971,3.37,0.5,8.5,5
6.1,0.43,0.35,9.1,0.059,83,249,0.9971,3.37,0.5,8.5,5
7.1,0.21,0.27,8.6,0.056,26,111,0.9956,2.95,0.52,9.5,5
7.1,0.21,0.27,8.6,0.056,26,111,0.9956,2.95,0.52,9.5,5
7,0.25,0.29,15.2,0.047,40,171,0.9982,3.22,0.45,9.3,5
7,0.25,0.29,15.2,0.047,40,171,0.9982,3.22,0.45,9.3,5
5.9,0.25,0.19,12.4,0.047,50,162,0.9973,3.35,0.38,9.5,5
5.9,0.25,0.19,12.4,0.047,50,162,0.9973,3.35,0.38,9.5,5
7.2,0.39,0.62,11,0.047,66,178,0.9976,3.16,0.5,8.7,5
7.2,0.39,0.62,11,0.047,66,178,0.9976,3.16,0.5,8.7,5
6.3,0.21,0.58,10,0.081,34,126,0.9962,2.95,0.46,8.9,5
6.3,0.21,0.58,10,0.081,34,126,0.9962,2.95,0.46,8.9,5
7.2,0.39,0.62,11,0.047,66,178,0.9976,3.16,0.5,8.7,5
7.2,0.39,0.62,11,0.047,66,178,0.9976,3.16,0.5,8.7,5
7.2,0.29,0.53,18.15,0.047,59,182,0.9992,3.09,0.52,9.6,5
7.2,0.29,0.53,18.15,0.047,59,182,0.9992,3.09,0.52,9.6,5
6.5,0.38,0.34,3.4,0.036,34,200,0.9937,3.14,0.76,10,5
6.5,0.38,0.34,3.4,0.036,34,200,0.9937,3.14,0.76,10,5
6.7,0.47,0.34,8.9,0.043,31,172,0.9964,3.22,0.6,9.2,5
6.7,0.47,0.34,8.9,0.043,31,172,0.9964,3.22,0.6,9.2,5
5.8,0.25,0.24,13.3,0.044,41,137,0.9972,3.34,0.42,9.5,5
5.8,0.25,0.24,13.3,0.044,41,137,0.9972,3.34,0.42,9.5,5
6.7,0.47,0.34,8.9,0.043,31,172,0.9964,3.22,0.6,9.2,5
6.7,0.47,0.34,8.9,0.043,31,172,0.9964,3.22,0.6,9.2,5
6.2,0.37,0.3,6.6,0.346,79,200,0.9954,3.29,0.58,9.6,5
6.2,0.37,0.3,6.6,0.346,79,200,0.9954,3.29,0.58,9.6,5
5.7,0.335,0.34,1,0.04,13,174,0.992,3.27,0.66,10,5
5.7,0.335,0.34,1,0.04,13,174,0.992,3.27,0.66,10,5
6.5,0.3,0.29,2.25,0.037,8,210,0.9937,3.19,0.62,9.9,5
6.5,0.3,0.29,2.25,0.037,8,210,0.9937,3.19,0.62,9.9,5
7.3,0.51,0.26,3.3,0.09,7,135,0.9944,3.01,0.52,8.8,5
7.3,0.51,0.26,3.3,0.09,7,135,0.9944,3.01,0.52,8.8,5
6.8,0.18,0.37,1.6,0.055,47,154,0.9934,3.08,0.45,9.1,5
6.8,0.18,0.37,1.6,0.055,47,154,0.9934,3.08,0.45,9.1,5
7.2,0.34,0.34,12.6,0.048,7,41,0.9942,3.19,0.4,11.7,5
7.2,0.34,0.34,12.6,0.048,7,41,0.9942,3.19,0.4,11.7,5
7.9,0.19,0.26,2.1,0.039,8,143,0.9942,3.05,0.74,9.8,5
7.9,0.19,0.26,2.1,0.039,8,143,0.9942,3.05,0.74,9.8,5
7.9,0.19,0.26,2.1,0.039,8,143,0.9942,3.05,0.74,9.8,5
7.9,0.19,0.26,2.1,0.039,8,143,0.9942,3.05,0.74,9.8,5
5.6,0.35,0.37,1,0.038,6,72,0.9902,3.37,0.34,11.4,5
5.6,0.35,0.37,1,0.038,6,72,0.9902,3.37,0.34,11.4,5
6.4,0.18,0.48,4,0.186,64,150,0.9945,3.06,0.4,9.3,5
6.4,0.18,0.48,4,0.186,64,150,0.9945,3.06,0.4,9.3,5
7.9,0.345,0.51,15.3,0.047,54,171,0.9987,3.09,0.51,9.1,5
7.9,0.345,0.51,15.3,0.047,54,171,0.9987,3.09,0.51,9.1,5
7.9,0.345,0.51,15.3,0.047,54,171,0.9987,3.09,0.51,9.1,5
7.9,0.345,0.51,15.3,0.047,54,171,0.9987,3.09,0.51,9.1,5
6.1,0.24,0.3,1.5,0.045,22,61,0.992,3.31,0.54,10.4,5
6.1,0.24,0.3,1.5,0.045,22,61,0.992,3.31,0.54,10.4,5
7.2,0.46,0.65,10.4,0.05,76,192,0.9976,3.16,0.42,8.7,5
7.2,0.46,0.65,10.4,0.05,76,192,0.9976,3.16,0.42,8.7,5
7.2,0.46,0.65,10.4,0.05,76,192,0.9976,3.16,0.42,8.7,5
7.2,0.46,0.65,10.4,0.05,76,192,0.9976,3.16,0.42,8.7,5
8.4,0.35,0.71,12.2,0.046,22,160,0.9982,2.98,0.65,9.4,5
8.4,0.35,0.71,12.2,0.046,22,160,0.9982,2.98,0.65,9.4,5
5.9,0.21,0.24,12.1,0.044,53,165,0.9969,3.25,0.39,9.5,5
5.9,0.21,0.24,12.1,0.044,53,165,0.9969,3.25,0.39,9.5,5
5.9,0.37,0.1,1.6,0.057,39,128,0.9924,3.24,0.48,10.1,5
5.9,0.37,0.1,1.6,0.057,39,128,0.9924,3.24,0.48,10.1,5
6.8,0.51,0.3,4.2,0.066,38,165,0.9945,3.2,0.42,9.1,5
6.8,0.51,0.3,4.2,0.066,38,165,0.9945,3.2,0.42,9.1,5
6,0.26,0.5,2.2,0.048,59,153,0.9928,3.08,0.61,9.8,5
6,0.26,0.5,2.2,0.048,59,153,0.9928,3.08,0.61,9.8,5
7.4,0.41,0.66,10.8,0.051,77,194,0.9976,3.05,0.46,8.7,5
7.4,0.41,0.66,10.8,0.051,77,194,0.9976,3.05,0.46,8.7,5
7.4,0.41,0.66,10.8,0.051,77,194,0.9976,3.05,0.46,8.7,5
7.4,0.41,0.66,10.8,0.051,77,194,0.9976,3.05,0.46,8.7,5
5.7,0.18,0.22,4.2,0.042,25,111,0.994,3.35,0.39,9.4,5
5.7,0.18,0.22,4.2,0.042,25,111,0.994,3.35,0.39,9.4,5
7.1,0.31,0.5,14.5,0.059,6,148,0.9983,2.94,0.44,9.1,5
7.1,0.31,0.5,14.5,0.059,6,148,0.9983,2.94,0.44,9.1,5
6.9,0.41,0.33,10.1,0.043,28,152,0.9968,3.2,0.52,9.4,5
6.9,0.41,0.33,10.1,0.043,28,152,0.9968,3.2,0.52,9.4,5
6.4,0.45,0.07,1.1,0.03,10,131,0.9905,2.97,0.28,10.8,5
6.4,0.45,0.07,1.1,0.03,10,131,0.9905,2.97,0.28,10.8,5
6.4,0.475,0.06,1,0.03,9,131,0.9904,2.97,0.29,10.8,5
6.4,0.475,0.06,1,0.03,9,131,0.9904,2.97,0.29,10.8,5
6.9,0.41,0.33,10.1,0.043,28,152,0.9968,3.2,0.52,9.4,5
6.9,0.41,0.33,10.1,0.043,28,152,0.9968,3.2,0.52,9.4,5
6.4,0.45,0.07,1.1,0.03,10,131,0.9905,2.97,0.28,10.8,5
6.4,0.45,0.07,1.1,0.03,10,131,0.9905,2.97,0.28,10.8,5
6.4,0.475,0.06,1,0.03,9,131,0.9904,2.97,0.29,10.8,5
6.4,0.475,0.06,1,0.03,9,131,0.9904,2.97,0.29,10.8,5
7.3,0.25,0.29,7.5,0.049,38,158,0.9965,3.43,0.38,9.6,5
7.3,0.25,0.29,7.5,0.049,38,158,0.9965,3.43,0.38,9.6,5
7.3,0.25,0.29,7.5,0.049,38,158,0.9965,3.43,0.38,9.6,5
7.3,0.25,0.29,7.5,0.049,38,158,0.9965,3.43,0.38,9.6,5
6.1,0.28,0.25,17.75,0.044,48,161,0.9993,3.34,0.48,9.5,5
6.1,0.28,0.25,17.75,0.044,48,161,0.9993,3.34,0.48,9.5,5
7.5,0.23,0.68,11,0.047,37,133,0.9978,2.99,0.38,8.8,5
7.5,0.23,0.68,11,0.047,37,133,0.9978,2.99,0.38,8.8,5
7.5,0.21,0.68,10.9,0.045,38,133,0.9978,3,0.36,8.7,5
7.5,0.21,0.68,10.9,0.045,38,133,0.9978,3,0.36,8.7,5
7.5,0.21,0.68,10.9,0.045,38,133,0.9978,3,0.36,8.7,5
7.5,0.21,0.68,10.9,0.045,38,133,0.9978,3,0.36,8.7,5
7.5,0.23,0.68,11,0.047,37,133,0.9978,2.99,0.38,8.8,5
7.5,0.23,0.68,11,0.047,37,133,0.9978,2.99,0.38,8.8,5
6.5,0.46,0.41,16.8,0.084,59,222,0.9993,3.18,0.58,9,5
6.5,0.46,0.41,16.8,0.084,59,222,0.9993,3.18,0.58,9,5
6.5,0.26,0.43,8.9,0.083,50,171,0.9965,2.85,0.5,9,5
6.5,0.26,0.43,8.9,0.083,50,171,0.9965,2.85,0.5,9,5
7.2,0.24,0.34,1.1,0.045,3,64,0.9913,3.23,0.51,11.4,5
7.2,0.24,0.34,1.1,0.045,3,64,0.9913,3.23,0.51,11.4,5
6,0.36,0.06,1.4,0.066,27,128,0.9934,3.26,0.55,9.3,5
6,0.36,0.06,1.4,0.066,27,128,0.9934,3.26,0.55,9.3,5
7,0.23,0.42,18.05,0.05,35,144,0.9999,3.22,0.42,8.8,5
7,0.23,0.42,18.05,0.05,35,144,0.9999,3.22,0.42,8.8,5
7,0.23,0.42,18.05,0.05,35,144,0.9999,3.22,0.42,8.8,5
7,0.23,0.42,18.05,0.05,35,144,0.9999,3.22,0.42,8.8,5
6,0.29,0.2,12.6,0.045,45,187,0.9972,3.33,0.42,9.5,5
6,0.29,0.2,12.6,0.045,45,187,0.9972,3.33,0.42,9.5,5
7.4,0.28,0.25,11.9,0.053,25,148,0.9976,3.1,0.62,9.2,5
7.4,0.28,0.25,11.9,0.053,25,148,0.9976,3.1,0.62,9.2,5
5.6,0.35,0.14,5,0.046,48,198,0.9937,3.3,0.71,10.3,5
5.6,0.35,0.14,5,0.046,48,198,0.9937,3.3,0.71,10.3,5
5.8,0.335,0.14,5.8,0.046,49,197,0.9937,3.3,0.71,10.3,5
5.8,0.335,0.14,5.8,0.046,49,197,0.9937,3.3,0.71,10.3,5
6.4,0.24,0.28,11.5,0.05,34,163,0.9969,3.31,0.45,9.5,5
6.4,0.24,0.28,11.5,0.05,34,163,0.9969,3.31,0.45,9.5,5
6.4,0.24,0.29,11.4,0.051,32,166,0.9968,3.31,0.45,9.5,5
6.4,0.24,0.29,11.4,0.051,32,166,0.9968,3.31,0.45,9.5,5
6.3,0.26,0.25,7.8,0.058,44,166,0.9961,3.24,0.41,9,5
6.3,0.26,0.25,7.8,0.058,44,166,0.9961,3.24,0.41,9,5
6,0.32,0.12,5.9,0.041,34,190,0.9944,3.16,0.72,10,5
6,0.32,0.12,5.9,0.041,34,190,0.9944,3.16,0.72,10,5
7.3,0.34,0.21,3.2,0.05,14,136,0.9936,3.25,0.44,10.2,5
7.3,0.34,0.21,3.2,0.05,14,136,0.9936,3.25,0.44,10.2,5
7.1,0.28,0.26,1.9,0.049,12,86,0.9934,3.15,0.38,9.4,5
7.1,0.28,0.26,1.9,0.049,12,86,0.9934,3.15,0.38,9.4,5
7.1,0.28,0.26,1.9,0.049,12,86,0.9934,3.15,0.38,9.4,5
7.1,0.28,0.26,1.9,0.049,12,86,0.9934,3.15,0.38,9.4,5
7.8,0.28,0.22,1.4,0.056,24,130,0.9944,3.28,0.48,9.5,5
7.8,0.28,0.22,1.4,0.056,24,130,0.9944,3.28,0.48,9.5,5
6.4,0.24,0.5,11.6,0.047,60,211,0.9966,3.18,0.57,9.3,5
6.4,0.24,0.5,11.6,0.047,60,211,0.9966,3.18,0.57,9.3,5
6.4,0.32,0.5,10.7,0.047,57,206,0.9968,3.08,0.6,9.4,5
6.4,0.32,0.5,10.7,0.047,57,206,0.9968,3.08,0.6,9.4,5
6.7,0.28,0.14,1.4,0.043,64,159,0.992,3.17,0.39,10,5
6.7,0.28,0.14,1.4,0.043,64,159,0.992,3.17,0.39,10,5
6.8,0.34,0.69,1.3,0.058,12,171,0.9931,3.06,0.47,9.7,5
6.8,0.34,0.69,1.3,0.058,12,171,0.9931,3.06,0.47,9.7,5
6.4,0.27,0.32,4.5,0.24,61,174,0.9948,3.12,0.48,9.4,5
6.4,0.27,0.32,4.5,0.24,61,174,0.9948,3.12,0.48,9.4,5
8.1,0.46,0.31,1.7,0.052,50,183,0.9923,3.03,0.42,11.2,5
8.1,0.46,0.31,1.7,0.052,50,183,0.9923,3.03,0.42,11.2,5
6.2,0.36,0.26,13.2,0.051,54,201,0.9976,3.25,0.46,9,5
6.2,0.36,0.26,13.2,0.051,54,201,0.9976,3.25,0.46,9,5
6,0.36,0.16,6.3,0.036,36,191,0.9942,3.17,0.62,9.8,5
6,0.36,0.16,6.3,0.036,36,191,0.9942,3.17,0.62,9.8,5
5.9,0.37,0.14,6.3,0.036,34,185,0.9944,3.17,0.63,9.8,5
5.9,0.37,0.14,6.3,0.036,34,185,0.9944,3.17,0.63,9.8,5
6.3,0.34,0.28,14.7,0.047,49,198,0.9977,3.23,0.46,9.5,5
6.3,0.34,0.28,14.7,0.047,49,198,0.9977,3.23,0.46,9.5,5
7.5,0.31,0.51,14.8,0.039,62,204,0.9982,3.06,0.6,9.5,5
7.5,0.31,0.51,14.8,0.039,62,204,0.9982,3.06,0.6,9.5,5
7.5,0.31,0.51,14.8,0.039,62,204,0.9982,3.06,0.6,9.5,5
7.5,0.31,0.51,14.8,0.039,62,204,0.9982,3.06,0.6,9.5,5
7.4,0.31,0.48,14.2,0.042,62,204,0.9983,3.06,0.59,9.4,5
7.4,0.31,0.48,14.2,0.042,62,204,0.9983,3.06,0.59,9.4,5
8.4,0.4,0.7,13.1,0.042,29,197,0.998,3.06,0.64,9.7,5
8.4,0.4,0.7,13.1,0.042,29,197,0.998,3.06,0.64,9.7,5
8.6,0.27,0.46,6.1,0.032,13,41,0.993,2.89,0.34,10.9,5
8.6,0.27,0.46,6.1,0.032,13,41,0.993,2.89,0.34,10.9,5
6.2,0.31,0.21,6.3,0.041,50,218,0.9941,3.15,0.6,10,5
6.2,0.31,0.21,6.3,0.041,50,218,0.9941,3.15,0.6,10,5
6.2,0.47,0.21,1,0.044,13,98,0.99345,3.14,0.46,9.2,5
6.2,0.47,0.21,1,0.044,13,98,0.99345,3.14,0.46,9.2,5
6.1,0.25,0.24,12.1,0.046,51,172,0.998,3.35,0.45,9.5,5
6.1,0.25,0.24,12.1,0.046,51,172,0.998,3.35,0.45,9.5,5
6.4,0.31,0.39,7.5,0.04,57,213,0.99475,3.32,0.43,10,5
6.4,0.31,0.39,7.5,0.04,57,213,0.99475,3.32,0.43,10,5
7,0.27,0.41,18.75,0.042,34,157,1.0002,2.96,0.5,9.1,5
7,0.27,0.41,18.75,0.042,34,157,1.0002,2.96,0.5,9.1,5
6.6,0.29,0.44,9,0.053,62,178,0.99685,3.02,0.45,8.9,5
6.6,0.29,0.44,9,0.053,62,178,0.99685,3.02,0.45,8.9,5
6,0.3,0.44,1.5,0.046,15,182,0.99455,3.5,0.52,10.4,5
6,0.3,0.44,1.5,0.046,15,182,0.99455,3.5,0.52,10.4,5
7.8,0.3,0.4,1.8,0.028,23,122,0.9914,3.14,0.39,10.9,7
7.8,0.3,0.4,1.8,0.028,23,122,0.9914,3.14,0.39,10.9,7
6.4,0.39,0.21,1.2,0.041,35,136,0.99225,3.15,0.46,10.2,5
6.4,0.39,0.21,1.2,0.041,35,136,0.99225,3.15,0.46,10.2,5
7,0.21,0.34,8,0.057,19,101,0.9954,2.99,0.59,9.4,5
7,0.21,0.34,8,0.057,19,101,0.9954,2.99,0.59,9.4,5
6,0.33,0.27,0.8,0.185,12,188,0.9924,3.12,0.62,9.4,5
6,0.33,0.27,0.8,0.185,12,188,0.9924,3.12,0.62,9.4,5
6.9,0.38,0.25,9.8,0.04,28,191,0.9971,3.28,0.61,9.2,5
6.9,0.38,0.25,9.8,0.04,28,191,0.9971,3.28,0.61,9.2,5
6.9,0.38,0.25,9.8,0.04,28,191,0.9971,3.28,0.61,9.2,5
6.9,0.38,0.25,9.8,0.04,28,191,0.9971,3.28,0.61,9.2,5
5.9,0.26,0.25,12.5,0.034,38,152,0.9977,3.33,0.43,9.4,5
5.9,0.26,0.25,12.5,0.034,38,152,0.9977,3.33,0.43,9.4,5
7.4,0.38,0.27,7.5,0.041,24,160,0.99535,3.17,0.43,10,5
7.4,0.38,0.27,7.5,0.041,24,160,0.99535,3.17,0.43,10,5
5.9,0.35,0.47,2.2,0.11,14,138,0.9932,3.09,0.5,9.1,5
5.9,0.35,0.47,2.2,0.11,14,138,0.9932,3.09,0.5,9.1,5
5.8,0.25,0.28,11.1,0.056,45,175,0.99755,3.42,0.43,9.5,5
5.8,0.25,0.28,11.1,0.056,45,175,0.99755,3.42,0.43,9.5,5

Classified as Quality 7:
8.1,0.27,0.41,1.45,0.033,11,63,0.9908,2.99,0.56,12,5
6.6,0.16,0.4,1.5,0.044,48,143,0.9912,3.54,0.52,12.4,7
6.6,0.17,0.38,1.5,0.032,28,112,0.9914,3.25,0.55,11.4,7
6.4,0.31,0.38,2.9,0.038,19,102,0.9912,3.17,0.35,11,7
7.2,0.32,0.36,2,0.033,37,114,0.9906,3.1,0.71,12.3,7
7.4,0.18,0.31,1.4,0.058,38,167,0.9931,3.16,0.53,10,7
6.2,0.16,0.33,1.1,0.057,21,82,0.991,3.32,0.46,10.9,7
6.4,0.26,0.24,6.4,0.04,27,124,0.9903,3.22,0.49,12.6,7
6.7,0.23,0.31,2.1,0.046,30,96,0.9926,3.33,0.64,10.7,8
6,0.27,0.28,4.8,0.063,31,201,0.9964,3.69,0.71,10,5
6.7,0.23,0.31,2.1,0.046,30,96,0.9926,3.33,0.64,10.7,8
6.9,0.24,0.33,1.7,0.035,47,136,0.99,3.26,0.4,12.6,7
6.9,0.21,0.33,1.8,0.034,48,136,0.9899,3.25,0.41,12.6,7
7.5,0.17,0.32,1.7,0.04,51,148,0.9916,3.21,0.44,11.5,7
8.6,0.265,0.36,1.2,0.034,15,80,0.9913,2.95,0.36,11.4,7
6.5,0.24,0.32,7.6,0.038,48,203,0.9958,3.45,0.54,9.7,7
6.5,0.24,0.32,7.6,0.038,48,203,0.9958,3.45,0.54,9.7,7
6.8,0.19,0.36,1.9,0.035,30,96,0.9917,3.15,0.54,10.8,7
6.3,0.34,0.33,4.6,0.034,19,80,0.9917,3.38,0.58,12,7
7.9,0.22,0.38,8,0.043,46,152,0.9934,3.12,0.32,11.5,7
6.1,0.32,0.24,1.5,0.036,38,124,0.9898,3.29,0.42,12.4,7
6.1,0.32,0.24,1.5,0.036,38,124,0.9898,3.29,0.42,12.4,7
6.7,0.46,0.18,2.4,0.034,25,98,0.9896,3.08,0.44,12.6,7
6.3,0.22,0.43,4.55,0.038,31,130,0.9918,3.35,0.33,11.5,7
6.8,0.18,0.38,1.4,0.038,35,111,0.9918,3.32,0.59,11.2,7
6.2,0.25,0.25,1.4,0.03,35,105,0.9912,3.3,0.44,11.1,7
7.5,0.27,0.36,7,0.036,45,164,0.9939,3.03,0.33,11,5
7.5,0.27,0.36,7,0.036,45,164,0.9939,3.03,0.33,11,5
6.2,0.25,0.25,1.4,0.03,35,105,0.9912,3.3,0.44,11.1,7
7,0.26,0.59,1.4,0.037,40,120,0.9918,3.34,0.41,11.1,7
7.1,0.21,0.37,2.4,0.026,23,100,0.9903,3.15,0.38,11.4,7
6.8,0.21,0.27,2.1,0.03,26,139,0.99,3.16,0.61,12.6,7
5.8,0.2,0.27,1.4,0.031,12,77,0.9905,3.25,0.36,10.9,7
5.6,0.19,0.26,1.4,0.03,12,76,0.9905,3.25,0.37,10.9,7
6.3,0.35,0.3,5.7,0.035,8,97,0.9927,3.27,0.41,11,7
6.3,0.35,0.3,5.7,0.035,8,97,0.9927,3.27,0.41,11,7
7,0.3,0.49,4.7,0.036,17,105,0.9916,3.26,0.68,12.4,7
7,0.24,0.36,2.8,0.034,22,112,0.99,3.19,0.38,12.6,8
7.1,0.35,0.24,15.4,0.055,46,198,0.9988,3.12,0.49,8.8,5
7.2,0.23,0.39,14.2,0.058,49,192,0.9979,2.98,0.48,9,7
7.2,0.23,0.39,14.2,0.058,49,192,0.9979,2.98,0.48,9,7
7.2,0.23,0.39,14.2,0.058,49,192,0.9979,2.98,0.48,9,7
7.2,0.23,0.39,14.2,0.058,49,192,0.9979,2.98,0.48,9,7
6.2,0.28,0.22,7.3,0.041,26,157,0.9957,3.44,0.64,9.8,7
6.2,0.33,0.27,4.9,0.036,30,134,0.9927,3.2,0.42,10.4,7
6.1,0.36,0.27,2.1,0.035,16,100,0.9917,3.4,0.71,11.5,7
5,0.55,0.14,8.3,0.032,35,164,0.9918,3.53,0.51,12.5,8
5.9,0.3,0.47,7.85,0.03,19,133,0.9933,3.52,0.43,11.5,7
6,0.1,0.24,1.1,0.041,15,65,0.9927,3.61,0.61,10.3,7
7.5,0.27,0.31,5.8,0.057,131,313,0.9946,3.18,0.59,10.5,5
6.6,0.18,0.35,1.5,0.049,49,141,0.9934,3.43,0.85,10.2,7
7.4,0.2,0.43,7.8,0.045,27,153,0.9964,3.19,0.55,9,7
5.6,0.34,0.1,1.3,0.031,20,68,0.9906,3.36,0.51,11.2,7
7.6,0.17,0.45,11.2,0.054,56,137,0.997,3.15,0.47,10,5
6.3,0.12,0.36,2.1,0.044,47,146,0.9914,3.27,0.74,11.4,7
6.8,0.16,0.4,2.3,0.037,18,102,0.9923,3.49,0.42,11.4,7
6,0.26,0.32,3.5,0.028,29,113,0.9912,3.4,0.71,12.3,7
5.1,0.33,0.22,1.6,0.027,18,89,0.9893,3.51,0.38,12.5,7
5.1,0.33,0.22,1.6,0.027,18,89,0.9893,3.51,0.38,12.5,7
6.4,0.31,0.28,1.5,0.037,12,119,0.9919,3.32,0.51,10.4,7
6.4,0.31,0.28,1.5,0.037,12,119,0.9919,3.32,0.51,10.4,7
6,0.36,0.39,3.2,0.027,20,125,0.991,3.38,0.39,11.3,7
5.1,0.33,0.22,1.6,0.027,18,89,0.9893,3.51,0.38,12.5,7
5,0.17,0.56,1.5,0.026,24,115,0.9906,3.48,0.39,10.8,7
7,0.3,0.38,14.9,0.032,60,181,0.9983,3.18,0.61,9.3,7
7,0.3,0.38,14.9,0.032,60,181,0.9983,3.18,0.61,9.3,7
5.8,0.28,0.34,4,0.031,40,99,0.9896,3.39,0.39,12.8,7
7,0.22,0.31,2.7,0.03,41,136,0.9898,3.16,0.37,12.7,7
6.9,0.23,0.38,8.3,0.047,47,162,0.9954,3.34,0.52,10.5,7
7.4,0.155,0.34,2.3,0.045,73.5,214,0.9934,3.18,0.61,9.9,7
6.9,0.2,0.37,6.2,0.027,24,97,0.992,3.38,0.49,12.2,7
6.6,0.16,0.32,1.4,0.035,49,186,0.9906,3.35,0.64,12.4,8
7.4,0.155,0.34,2.3,0.045,73.5,214,0.9934,3.18,0.61,9.9,7
6.7,0.22,0.37,1.6,0.028,24,102,0.9913,3.29,0.59,11.6,7
6.4,0.28,0.29,1.6,0.052,34,127,0.9929,3.48,0.56,10.5,7
6.1,0.2,0.25,1.2,0.038,34,128,0.9921,3.24,0.44,10.1,5
5.9,0.46,0.14,2.7,0.042,27,160,0.9931,3.46,0.51,10.6,7
6,0.27,0.27,1.6,0.046,32,113,0.9924,3.41,0.51,10.5,7
6.4,0.28,0.29,1.6,0.052,34,127,0.9929,3.48,0.56,10.5,7
6.3,0.23,0.31,1.5,0.022,11,82,0.9892,3.3,0.4,12.9,7
7,0.17,0.31,4.8,0.034,34,132,0.9944,3.36,0.48,9.6,7
7,0.24,0.51,11,0.029,55,227,0.9965,3.03,0.61,9.5,5
7.4,0.28,0.36,1.1,0.028,42,105,0.9893,2.99,0.39,12.4,7
7.1,0.23,0.39,1.6,0.032,12,65,0.9898,3.25,0.4,12.7,7
6,0.24,0.27,1.9,0.048,40,170,0.9938,3.64,0.54,10,7
6,0.24,0.27,1.9,0.048,40,170,0.9938,3.64,0.54,10,7
7.8,0.28,0.32,9,0.036,34,115,0.9952,3.17,0.39,10.3,7
6.5,0.18,0.31,1.7,0.044,30,127,0.9928,3.49,0.5,10.2,7
7,0.3,0.51,13.6,0.05,40,168,0.9976,3.07,0.52,9.6,7
9.2,0.25,0.34,1.2,0.026,31,93,0.9916,2.93,0.37,11.3,7
7.8,0.28,0.34,1.6,0.028,32,118,0.9901,3,0.38,12.1,7
7,0.3,0.51,13.6,0.05,40,168,0.9976,3.07,0.52,9.6,7
7.8,0.28,0.34,1.6,0.028,32,118,0.9901,3,0.38,12.1,7
9.2,0.25,0.34,1.2,0.026,31,93,0.9916,2.93,0.37,11.3,7
6.7,0.21,0.42,9.1,0.049,31,150,0.9953,3.12,0.74,9.9,7
7.4,0.3,0.22,1.4,0.046,16,135,0.9928,3.08,0.77,10.4,7
6.5,0.28,0.29,2.7,0.038,26,107,0.9912,3.32,0.41,11.6,7
6.7,0.34,0.54,16.3,0.047,44,181,0.9987,3.04,0.56,8.8,5
7.2,0.2,0.34,2.7,0.032,49,151,0.99,3.16,0.39,12.7,7
7.4,0.2,0.33,1.9,0.035,39,138,0.991,3.17,0.44,11.7,7
7.1,0.22,0.33,2.8,0.033,48,153,0.9899,3.15,0.38,12.7,7
6.5,0.28,0.29,2.7,0.038,26,107,0.9912,3.32,0.41,11.6,7
6,0.38,0.26,6,0.034,42,134,0.9912,3.38,0.38,12.3,7
6.6,0.25,0.3,1.6,0.046,32,134,0.993,3.42,0.51,10.1,7
6.1,0.32,0.25,1.7,0.034,37,136,0.992,3.47,0.5,10.8,7
6.9,0.28,0.27,2.1,0.036,42,121,0.9926,3.42,0.49,10.8,7
6.3,0.27,0.38,0.9,0.051,7,140,0.9926,3.45,0.5,10.5,7
6.9,0.19,0.4,1.4,0.036,14,55,0.9909,3.08,0.68,11.5,7
7.8,0.32,0.33,2.4,0.037,18,101,0.9912,3.21,0.65,11.7,7
6.2,0.24,0.29,13.3,0.039,49,130,0.9952,3.33,0.46,11,8
6.2,0.17,0.28,4.7,0.037,39,133,0.9931,3.41,0.46,10.8,7
5.6,0.235,0.29,1.2,0.047,33,127,0.991,3.34,0.5,11,7
7.1,0.26,0.34,14.4,0.067,35,189,0.9986,3.07,0.53,9.1,7
7.1,0.26,0.34,14.4,0.067,35,189,0.9986,3.07,0.53,9.1,7
7.1,0.26,0.34,14.4,0.067,35,189,0.9986,3.07,0.53,9.1,7
7.1,0.26,0.34,14.4,0.067,35,189,0.9986,3.07,0.53,9.1,7
6.5,0.21,0.37,2.5,0.048,70,138,0.9917,3.33,0.75,11.4,7
6.6,0.27,0.25,3.1,0.052,41,188,0.9915,3.24,0.4,11.3,5
6.8,0.25,0.34,14,0.032,47,133,0.9952,3.37,0.5,12.2,7
7.1,0.32,0.34,14.5,0.039,46,150,0.995,3.38,0.5,12.5,8
5.8,0.32,0.38,4.75,0.033,23,94,0.991,3.42,0.42,11.8,7
5.8,0.32,0.38,4.75,0.033,23,94,0.991,3.42,0.42,11.8,7
5.7,0.32,0.38,4.75,0.033,23,94,0.991,3.42,0.42,11.8,7
6.8,0.22,0.35,5.5,0.043,21,114,0.9938,3.3,0.53,10.7,7
6.7,0.17,0.37,2,0.039,34,125,0.9922,3.26,0.6,10.8,7
5.9,0.34,0.22,2.4,0.03,19,135,0.9894,3.41,0.78,13.9,7
6.2,0.21,0.27,1.7,0.038,41,150,0.9933,3.49,0.71,10.5,7
6.2,0.21,0.27,1.7,0.038,41,150,0.9933,3.49,0.71,10.5,7
7.4,0.29,0.5,1.8,0.042,35,127,0.9937,3.45,0.5,10.2,7
6.6,0.33,0.31,1.3,0.02,29,89,0.99035,3.26,0.44,12.4,8
6.4,0.24,0.31,2.8,0.038,41,114,0.99155,3.37,0.66,11.7,7
6.4,0.16,0.31,5.3,0.043,42,157,0.99455,3.35,0.47,10.5,5
8.8,0.28,0.45,6,0.022,14,49,0.9934,3.01,0.33,11.1,7
7.1,0.21,0.31,3.8,0.021,40,142,0.99215,3.17,0.39,10.8,7
7.1,0.28,0.44,1.8,0.032,32,107,0.9907,3.25,0.48,12.2,7
7.1,0.14,0.4,1.2,0.051,55,136,0.9932,3.3,0.96,9.8,7
7.1,0.13,0.4,1.2,0.047,54,134,0.9932,3.3,0.97,9.8,7

Classified as Quality 8:
6.2,0.66,0.48,1.2,0.029,29,75,0.9892,3.33,0.39,12.8,8
6.2,0.66,0.48,1.2,0.029,29,75,0.9892,3.33,0.39,12.8,8
6.6,0.25,0.29,1.1,0.068,39,124,0.9914,3.34,0.58,11,7
7.1,0.18,0.36,1.4,0.043,31,87,0.9898,3.26,0.37,12.7,7
7,0.32,0.34,1.3,0.042,20,69,0.9912,3.31,0.65,12,7
5.2,0.44,0.04,1.4,0.036,43,119,0.9894,3.36,0.33,12.1,8
5.2,0.44,0.04,1.4,0.036,43,119,0.9894,3.36,0.33,12.1,8
6.8,0.53,0.35,3.8,0.034,26,109,0.9906,3.26,0.57,12.7,8
6.7,0.26,0.39,1.1,0.04,45,147,0.9935,3.32,0.58,9.6,8
6.1,0.31,0.58,5,0.039,36,114,0.9909,3.3,0.6,12.3,8
6.6,0.24,0.35,7.7,0.031,36,135,0.9938,3.19,0.37,10.5,5
6.6,0.24,0.35,7.7,0.031,36,135,0.9938,3.19,0.37,10.5,5
6.4,0.32,0.35,4.8,0.03,34,101,0.9912,3.36,0.6,12.5,8
6.8,0.24,0.34,4.6,0.032,37,135,0.9927,3.2,0.39,10.6,5
7.3,0.33,0.4,6.85,0.038,32,138,0.992,3.03,0.3,11.9,7
7.3,0.33,0.4,6.85,0.038,32,138,0.992,3.03,0.3,11.9,7
7,0.23,0.36,7.1,0.028,31,104,0.9922,3.35,0.47,12.1,8
6,0.25,0.28,2.2,0.026,54,126,0.9898,3.43,0.65,12.9,8
5.9,0.27,0.29,11.4,0.036,31,115,0.9949,3.35,0.48,10.5,8
6.5,0.36,0.28,3.2,0.037,29,119,0.9908,3.25,0.65,12.4,8
Training Sum error is 49.60635278787011

Training Mean squared error is 0.02470435895810264



The precision and recall

Class one Quality 5:
Precision:0.9752066115702479
Recall:0.9402390438247012

Class two Quality 7:
Precision:0.8540145985401459
Recall:0.9212598425196851

Class three Quality 8:
Precision:0.6
Recall:0.5714285714285714

The Classification Accuracy is 91.47869674185463%

Draw the confusion matrix；

----------------------------------Actual Class-----------------------

                                     Quality '5'  |    Quality '7'   |   Quality '8'  
                                                  |                  |
                    |   Quality "5"       236      |        5        |      1
                    |   ---------------------------------------------------------------              
    Predicted Class |   Quality "7"       12      |        117        |      8
                    |   ---------------------------------------------------------------             
                    |   Quality "8"       3      |        5        |      12


        
final Training epoch is: 336

